0	1	2	3	4	5	6	7	8	9	10	11	12	13	14	15	16	17	18	19	20	21	22	23	24	25	26	27	28	29	30	31	32	33	34	35	36	37	38	39	40	41	42	43	44	45	46	47	48	49	50	51	52	53	54	55	56	57	58	59	60	61	62	63	64	65	66	67	68	69	70	71	72	73	74	75	76	77	78	79	80	81	82	83	84	85	86	87	88	89	90	91	92	93	94	95	96	97	98	99
1	0	74
2	0	4
2	1	55
3	0	28
3	1	15
3	2	6
4	0	100
4	1	34
4	2	92
4	3	22
5	0	1
5	1	49
5	2	83
5	3	20
5	4	85
6	0	33
6	1	38
6	2	39
6	3	55
6	4	52
6	5	76
7	0	10
7	1	73
7	2	67
7	3	40
7	4	23
7	5	81
7	6	49
8	0	47
8	1	77
8	2	15
8	3	45
8	4	81
8	5	34
8	6	41
8	7	16
9	0	85
9	1	18
9	2	35
9	3	48
9	4	19
9	5	82
9	6	12
9	7	68
9	8	74
10	0	83
10	1	27
10	2	41
10	3	16
10	4	50
10	5	8
10	6	17
10	7	19
10	8	72
10	9	77
11	0	17
11	1	74
11	2	10
11	3	93
11	4	91
11	5	73
11	6	28
11	7	36
11	8	65
11	9	86
11	10	76
12	0	28
12	1	89
12	2	54
12	3	70
12	4	29
12	5	22
12	6	98
12	7	30
12	8	57
12	9	41
12	10	48
12	11	16
13	0	75
13	1	45
13	2	6
13	3	66
13	4	30
13	5	15
13	6	49
13	7	91
13	8	73
13	9	36
13	10	89
13	11	98
13	12	68
14	0	58
14	1	54
14	2	44
14	3	16
14	4	99
14	5	61
14	6	82
14	7	69
14	8	20
14	9	52
14	10	35
14	11	17
14	12	22
14	13	98
15	0	12
15	1	1
15	2	83
15	3	13
15	4	56
15	5	65
15	6	4
15	7	78
15	8	99
15	9	17
15	10	20
15	11	73
15	12	15
15	13	68
15	14	41
16	0	6
16	1	25
16	2	96
16	3	39
16	4	85
16	5	30
16	6	26
16	7	92
16	8	79
16	9	40
16	10	21
16	11	54
16	12	41
16	13	38
16	14	45
16	15	26
17	0	65
17	1	81
17	2	39
17	3	29
17	4	10
17	5	75
17	6	78
17	7	89
17	8	13
17	9	6
17	10	72
17	11	63
17	12	9
17	13	64
17	14	61
17	15	34
17	16	56
18	0	3
18	1	71
18	2	42
18	3	12
18	4	26
18	5	10
18	6	50
18	7	87
18	8	31
18	9	95
18	10	5
18	11	45
18	12	50
18	13	65
18	14	39
18	15	1
18	16	82
18	17	95
19	0	37
19	1	39
19	2	33
19	3	62
19	4	73
19	5	27
19	6	92
19	7	16
19	8	95
19	9	80
19	10	99
19	11	96
19	12	52
19	13	97
19	14	91
19	15	69
19	16	44
19	17	49
19	18	63
20	0	39
20	1	74
20	2	38
20	3	72
20	4	26
20	5	11
20	6	73
20	7	38
20	8	26
20	9	100
20	10	49
20	11	52
20	12	73
20	13	45
20	14	57
20	15	92
20	16	45
20	17	53
20	18	62
20	19	80
21	0	17
21	1	32
21	2	21
21	3	28
21	4	61
21	5	95
21	6	53
21	7	12
21	8	100
21	9	39
21	10	38
21	11	95
21	12	17
21	13	84
21	14	2
21	15	77
21	16	28
21	17	45
21	18	72
21	19	97
21	20	100
22	0	66
22	1	66
22	2	19
22	3	74
22	4	74
22	5	89
22	6	43
22	7	58
22	8	4
22	9	100
22	10	6
22	11	58
22	12	37
22	13	52
22	14	2
22	15	72
22	16	80
22	17	33
22	18	72
22	19	100
22	20	35
22	21	76
23	0	34
23	1	31
23	2	60
23	3	83
23	4	96
23	5	24
23	6	92
23	7	69
23	8	26
23	9	97
23	10	86
23	11	99
23	12	35
23	13	25
23	14	32
23	15	80
23	16	17
23	17	79
23	18	38
23	19	98
23	20	96
23	21	49
23	22	86
24	0	91
24	1	48
24	2	99
24	3	69
24	4	60
24	5	63
24	6	2
24	7	86
24	8	68
24	9	57
24	10	59
24	11	59
24	12	49
24	13	57
24	14	96
24	15	31
24	16	63
24	17	61
24	18	13
24	19	89
24	20	86
24	21	17
24	22	67
24	23	79
25	0	83
25	1	38
25	2	75
25	3	51
25	4	58
25	5	74
25	6	92
25	7	21
25	8	77
25	9	79
25	10	22
25	11	80
25	12	83
25	13	28
25	14	22
25	15	85
25	16	48
25	17	85
25	18	100
25	19	57
25	20	85
25	21	85
25	22	59
25	23	20
25	24	28
26	0	51
26	1	26
26	2	99
26	3	22
26	4	43
26	5	53
26	6	23
26	7	36
26	8	57
26	9	29
26	10	39
26	11	70
26	12	74
26	13	61
26	14	95
26	15	22
26	16	31
26	17	89
26	18	50
26	19	67
26	20	94
26	21	68
26	22	70
26	23	5
26	24	24
26	25	1
27	0	31
27	1	69
27	2	60
27	3	93
27	4	39
27	5	6
27	6	32
27	7	91
27	8	50
27	9	96
27	10	92
27	11	38
27	12	12
27	13	52
27	14	85
27	15	72
27	16	27
27	17	23
27	18	34
27	19	74
27	20	13
27	21	17
27	22	56
27	23	17
27	24	22
27	25	97
27	26	7
28	0	8
28	1	40
28	2	54
28	3	20
28	4	59
28	5	39
28	6	1
28	7	5
28	8	95
28	9	38
28	10	45
28	11	45
28	12	50
28	13	44
28	14	77
28	15	29
28	16	20
28	17	31
28	18	5
28	19	43
28	20	86
28	21	28
28	22	16
28	23	45
28	24	78
28	25	68
28	26	60
28	27	65
29	0	34
29	1	31
29	2	89
29	3	87
29	4	50
29	5	32
29	6	72
29	7	51
29	8	2
29	9	84
29	10	46
29	11	19
29	12	30
29	13	4
29	14	88
29	15	13
29	16	72
29	17	80
29	18	85
29	19	94
29	20	56
29	21	34
29	22	31
29	23	17
29	24	13
29	25	42
29	26	29
29	27	68
29	28	9
30	0	34
30	1	15
30	2	97
30	3	65
30	4	15
30	5	62
30	6	94
30	7	31
30	8	57
30	9	95
30	10	4
30	11	37
30	12	63
30	13	50
30	14	36
30	15	68
30	16	27
30	17	74
30	18	65
30	19	15
30	20	37
30	21	69
30	22	98
30	23	17
30	24	42
30	25	40
30	26	65
30	27	64
30	28	98
30	29	60
31	0	85
31	1	36
31	2	25
31	3	19
31	4	34
31	5	15
31	6	62
31	7	94
31	8	58
31	9	35
31	10	20
31	11	78
31	12	99
31	13	20
31	14	39
31	15	21
31	16	1
31	17	12
31	18	81
31	19	48
31	20	23
31	21	79
31	22	36
31	23	78
31	24	45
31	25	90
31	26	66
31	27	30
31	28	71
31	29	78
31	30	76
32	0	91
32	1	68
32	2	33
32	3	15
32	4	82
32	5	26
32	6	19
32	7	94
32	8	74
32	9	91
32	10	3
32	11	4
32	12	3
32	13	10
32	14	86
32	15	2
32	16	64
32	17	43
32	18	100
32	19	84
32	20	29
32	21	65
32	22	47
32	23	98
32	24	76
32	25	32
32	26	32
32	27	47
32	28	80
32	29	46
32	30	82
32	31	28
33	0	99
33	1	66
33	2	68
33	3	6
33	4	80
33	5	6
33	6	36
33	7	58
33	8	1
33	9	79
33	10	11
33	11	87
33	12	48
33	13	8
33	14	21
33	15	92
33	16	61
33	17	68
33	18	43
33	19	45
33	20	44
33	21	38
33	22	42
33	23	76
33	24	25
33	25	69
33	26	75
33	27	29
33	28	71
33	29	32
33	30	52
33	31	57
33	32	17
34	0	56
34	1	24
34	2	16
34	3	13
34	4	68
34	5	13
34	6	41
34	7	2
34	8	74
34	9	33
34	10	1
34	11	93
34	12	92
34	13	95
34	14	60
34	15	16
34	16	64
34	17	96
34	18	90
34	19	45
34	20	27
34	21	68
34	22	26
34	23	8
34	24	50
34	25	90
34	26	53
34	27	24
34	28	12
34	29	44
34	30	73
34	31	29
34	32	62
34	33	91
35	0	86
35	1	81
35	2	20
35	3	2
35	4	40
35	5	11
35	6	11
35	7	83
35	8	48
35	9	52
35	10	39
35	11	24
35	12	49
35	13	64
35	14	9
35	15	56
35	16	54
35	17	21
35	18	63
35	19	24
35	20	95
35	21	6
35	22	77
35	23	56
35	24	53
35	25	79
35	26	88
35	27	81
35	28	57
35	29	14
35	30	48
35	31	24
35	32	27
35	33	16
35	34	72
36	0	20
36	1	53
36	2	18
36	3	80
36	4	82
36	5	44
36	6	86
36	7	20
36	8	49
36	9	20
36	10	75
36	11	80
36	12	44
36	13	63
36	14	93
36	15	51
36	16	72
36	17	91
36	18	48
36	19	8
36	20	77
36	21	37
36	22	56
36	23	6
36	24	9
36	25	53
36	26	28
36	27	12
36	28	79
36	29	96
36	30	8
36	31	28
36	32	66
36	33	98
36	34	9
36	35	1
37	0	94
37	1	49
37	2	15
37	3	33
37	4	34
37	5	8
37	6	88
37	7	83
37	8	13
37	9	26
37	10	25
37	11	52
37	12	5
37	13	22
37	14	44
37	15	36
37	16	1
37	17	50
37	18	88
37	19	20
37	20	5
37	21	82
37	22	49
37	23	2
37	24	53
37	25	78
37	26	33
37	27	25
37	28	77
37	29	36
37	30	73
37	31	53
37	32	46
37	33	86
37	34	80
37	35	93
37	36	73
38	0	71
38	1	34
38	2	96
38	3	7
38	4	18
38	5	41
38	6	11
38	7	10
38	8	15
38	9	71
38	10	77
38	11	5
38	12	91
38	13	31
38	14	74
38	15	85
38	16	19
38	17	61
38	18	97
38	19	17
38	20	68
38	21	41
38	22	28
38	23	70
38	24	47
38	25	73
38	26	99
38	27	79
38	28	89
38	29	91
38	30	8
38	31	67
38	32	37
38	33	51
38	34	98
38	35	16
38	36	60
38	37	40
39	0	6
39	1	45
39	2	24
39	3	43
39	4	5
39	5	39
39	6	12
39	7	99
39	8	58
39	9	26
39	10	5
39	11	19
39	12	67
39	13	19
39	14	90
39	15	74
39	16	41
39	17	5
39	18	54
39	19	92
39	20	19
39	21	86
39	22	29
39	23	35
39	24	2
39	25	32
39	26	33
39	27	41
39	28	63
39	29	94
39	30	40
39	31	48
39	32	62
39	33	65
39	34	35
39	35	27
39	36	9
39	37	20
39	38	50
40	0	7
40	1	6
40	2	36
40	3	94
40	4	36
40	5	98
40	6	12
40	7	31
40	8	35
40	9	81
40	10	65
40	11	51
40	12	73
40	13	8
40	14	15
40	15	86
40	16	45
40	17	10
40	18	72
40	19	9
40	20	10
40	21	11
40	22	16
40	23	82
40	24	100
40	25	73
40	26	72
40	27	56
40	28	8
40	29	61
40	30	29
40	31	10
40	32	30
40	33	27
40	34	31
40	35	72
40	36	40
40	37	20
40	38	84
40	39	2
41	0	69
41	1	73
41	2	63
41	3	19
41	4	31
41	5	52
41	6	23
41	7	71
41	8	55
41	9	85
41	10	41
41	11	17
41	12	73
41	13	86
41	14	96
41	15	45
41	16	25
41	17	43
41	18	20
41	19	17
41	20	9
41	21	59
41	22	77
41	23	66
41	24	15
41	25	85
41	26	71
41	27	90
41	28	18
41	29	93
41	30	20
41	31	24
41	32	73
41	33	1
41	34	42
41	35	68
41	36	74
41	37	65
41	38	53
41	39	55
41	40	98
42	0	29
42	1	91
42	2	27
42	3	84
42	4	15
42	5	9
42	6	80
42	7	42
42	8	18
42	9	75
42	10	5
42	11	40
42	12	41
42	13	11
42	14	77
42	15	13
42	16	90
42	17	72
42	18	63
42	19	60
42	20	79
42	21	42
42	22	34
42	23	47
42	24	56
42	25	1
42	26	30
42	27	62
42	28	25
42	29	78
42	30	51
42	31	27
42	32	85
42	33	80
42	34	98
42	35	48
42	36	3
42	37	94
42	38	9
42	39	8
42	40	30
42	41	89
43	0	34
43	1	35
43	2	32
43	3	28
43	4	71
43	5	89
43	6	10
43	7	17
43	8	59
43	9	66
43	10	8
43	11	64
43	12	47
43	13	16
43	14	30
43	15	83
43	16	36
43	17	26
43	18	71
43	19	85
43	20	55
43	21	75
43	22	33
43	23	60
43	24	59
43	25	59
43	26	18
43	27	12
43	28	11
43	29	12
43	30	12
43	31	25
43	32	65
43	33	86
43	34	72
43	35	43
43	36	19
43	37	48
43	38	61
43	39	71
43	40	94
43	41	5
43	42	99
44	0	84
44	1	51
44	2	40
44	3	30
44	4	28
44	5	23
44	6	59
44	7	79
44	8	12
44	9	98
44	10	36
44	11	81
44	12	46
44	13	16
44	14	52
44	15	79
44	16	76
44	17	30
44	18	52
44	19	15
44	20	25
44	21	86
44	22	21
44	23	41
44	24	95
44	25	40
44	26	89
44	27	99
44	28	43
44	29	21
44	30	99
44	31	60
44	32	25
44	33	54
44	34	97
44	35	65
44	36	85
44	37	50
44	38	91
44	39	86
44	40	34
44	41	89
44	42	5
44	43	63
45	0	34
45	1	5
45	2	12
45	3	32
45	4	50
45	5	25
45	6	60
45	7	54
45	8	99
45	9	25
45	10	23
45	11	93
45	12	87
45	13	4
45	14	97
45	15	38
45	16	49
45	17	12
45	18	6
45	19	3
45	20	29
45	21	23
45	22	25
45	23	87
45	24	13
45	25	96
45	26	69
45	27	64
45	28	5
45	29	33
45	30	75
45	31	70
45	32	94
45	33	47
45	34	24
45	35	84
45	36	68
45	37	58
45	38	47
45	39	50
45	40	51
45	41	88
45	42	40
45	43	17
45	44	13
46	0	47
46	1	22
46	2	59
46	3	92
46	4	43
46	5	66
46	6	8
46	7	66
46	8	78
46	9	67
46	10	12
46	11	14
46	12	5
46	13	69
46	14	39
46	15	80
46	16	71
46	17	78
46	18	82
46	19	47
46	20	37
46	21	49
46	22	34
46	23	46
46	24	49
46	25	99
46	26	99
46	27	20
46	28	24
46	29	35
46	30	15
46	31	9
46	32	75
46	33	98
46	34	88
46	35	63
46	36	55
46	37	22
46	38	43
46	39	79
46	40	13
46	41	85
46	42	69
46	43	92
46	44	2
46	45	98
47	0	38
47	1	28
47	2	25
47	3	82
47	4	19
47	5	9
47	6	86
47	7	95
47	8	15
47	9	78
47	10	23
47	11	70
47	12	67
47	13	17
47	14	45
47	15	63
47	16	45
47	17	54
47	18	77
47	19	16
47	20	42
47	21	53
47	22	46
47	23	33
47	24	46
47	25	87
47	26	77
47	27	48
47	28	37
47	29	100
47	30	7
47	31	54
47	32	68
47	33	69
47	34	64
47	35	34
47	36	27
47	37	68
47	38	4
47	39	71
47	40	33
47	41	83
47	42	49
47	43	29
47	44	72
47	45	2
47	46	85
48	0	22
48	1	80
48	2	5
48	3	55
48	4	72
48	5	22
48	6	77
48	7	38
48	8	1
48	9	65
48	10	56
48	11	83
48	12	92
48	13	96
48	14	8
48	15	4
48	16	44
48	17	16
48	18	2
48	19	75
48	20	32
48	21	65
48	22	70
48	23	99
48	24	36
48	25	84
48	26	67
48	27	17
48	28	42
48	29	81
48	30	88
48	31	52
48	32	34
48	33	13
48	34	69
48	35	93
48	36	98
48	37	58
48	38	32
48	39	26
48	40	84
48	41	31
48	42	60
48	43	27
48	44	87
48	45	25
48	46	34
48	47	17
49	0	63
49	1	80
49	2	93
49	3	84
49	4	99
49	5	100
49	6	73
49	7	73
49	8	50
49	9	19
49	10	20
49	11	75
49	12	61
49	13	26
49	14	73
49	15	29
49	16	4
49	17	20
49	18	32
49	19	98
49	20	43
49	21	36
49	22	63
49	23	87
49	24	71
49	25	44
49	26	59
49	27	12
49	28	44
49	29	65
49	30	50
49	31	98
49	32	15
49	33	90
49	34	52
49	35	40
49	36	38
49	37	15
49	38	4
49	39	89
49	40	10
49	41	63
49	42	67
49	43	14
49	44	22
49	45	88
49	46	90
49	47	52
49	48	25
50	0	37
50	1	95
50	2	65
50	3	26
50	4	74
50	5	78
50	6	13
50	7	33
50	8	48
50	9	99
50	10	16
50	11	24
50	12	53
50	13	19
50	14	89
50	15	18
50	16	53
50	17	71
50	18	30
50	19	26
50	20	73
50	21	26
50	22	7
50	23	75
50	24	97
50	25	3
50	26	52
50	27	57
50	28	85
50	29	2
50	30	24
50	31	93
50	32	31
50	33	57
50	34	60
50	35	39
50	36	76
50	37	57
50	38	8
50	39	51
50	40	97
50	41	14
50	42	77
50	43	15
50	44	3
50	45	83
50	46	18
50	47	23
50	48	19
50	49	32
51	0	63
51	1	15
51	2	37
51	3	79
51	4	61
51	5	87
51	6	50
51	7	82
51	8	12
51	9	43
51	10	90
51	11	81
51	12	45
51	13	73
51	14	15
51	15	55
51	16	62
51	17	13
51	18	19
51	19	55
51	20	56
51	21	100
51	22	37
51	23	60
51	24	34
51	25	8
51	26	66
51	27	83
51	28	16
51	29	25
51	30	11
51	31	24
51	32	34
51	33	43
51	34	56
51	35	42
51	36	64
51	37	59
51	38	51
51	39	73
51	40	1
51	41	31
51	42	44
51	43	35
51	44	25
51	45	86
51	46	3
51	47	57
51	48	67
51	49	32
51	50	43
52	0	12
52	1	50
52	2	30
52	3	82
52	4	81
52	5	15
52	6	6
52	7	21
52	8	95
52	9	75
52	10	57
52	11	46
52	12	95
52	13	94
52	14	100
52	15	77
52	16	70
52	17	49
52	18	88
52	19	47
52	20	89
52	21	76
52	22	33
52	23	50
52	24	16
52	25	53
52	26	14
52	27	76
52	28	98
52	29	88
52	30	54
52	31	95
52	32	35
52	33	79
52	34	39
52	35	5
52	36	85
52	37	92
52	38	20
52	39	32
52	40	21
52	41	10
52	42	84
52	43	81
52	44	13
52	45	14
52	46	37
52	47	24
52	48	61
52	49	10
52	50	6
52	51	62
53	0	80
53	1	96
53	2	95
53	3	38
53	4	14
53	5	49
53	6	44
53	7	89
53	8	12
53	9	37
53	10	14
53	11	22
53	12	29
53	13	52
53	14	48
53	15	35
53	16	97
53	17	15
53	18	98
53	19	73
53	20	45
53	21	76
53	22	74
53	23	91
53	24	24
53	25	97
53	26	39
53	27	76
53	28	37
53	29	20
53	30	42
53	31	25
53	32	95
53	33	35
53	34	68
53	35	27
53	36	68
53	37	15
53	38	53
53	39	30
53	40	56
53	41	7
53	42	10
53	43	68
53	44	24
53	45	13
53	46	12
53	47	50
53	48	67
53	49	93
53	50	87
53	51	100
53	52	4
54	0	34
54	1	20
54	2	41
54	3	1
54	4	19
54	5	56
54	6	75
54	7	34
54	8	29
54	9	2
54	10	88
54	11	49
54	12	34
54	13	86
54	14	12
54	15	23
54	16	62
54	17	86
54	18	34
54	19	77
54	20	71
54	21	29
54	22	60
54	23	98
54	24	3
54	25	29
54	26	72
54	27	39
54	28	69
54	29	70
54	30	86
54	31	44
54	32	31
54	33	13
54	34	25
54	35	8
54	36	95
54	37	84
54	38	88
54	39	59
54	40	97
54	41	89
54	42	21
54	43	85
54	44	86
54	45	12
54	46	68
54	47	48
54	48	15
54	49	59
54	50	24
54	51	41
54	52	84
54	53	16
55	0	94
55	1	34
55	2	99
55	3	98
55	4	85
55	5	71
55	6	78
55	7	34
55	8	76
55	9	71
55	10	28
55	11	96
55	12	55
55	13	71
55	14	19
55	15	64
55	16	88
55	17	57
55	18	79
55	19	37
55	20	100
55	21	24
55	22	81
55	23	90
55	24	77
55	25	6
55	26	98
55	27	38
55	28	83
55	29	45
55	30	45
55	31	15
55	32	73
55	33	25
55	34	62
55	35	30
55	36	19
55	37	93
55	38	94
55	39	5
55	40	75
55	41	14
55	42	58
55	43	29
55	44	21
55	45	83
55	46	10
55	47	62
55	48	95
55	49	95
55	50	90
55	51	31
55	52	25
55	53	68
55	54	66
56	0	32
56	1	21
56	2	93
56	3	68
56	4	17
56	5	83
56	6	32
56	7	18
56	8	67
56	9	24
56	10	68
56	11	17
56	12	52
56	13	4
56	14	13
56	15	86
56	16	69
56	17	34
56	18	40
56	19	72
56	20	82
56	21	53
56	22	84
56	23	53
56	24	50
56	25	52
56	26	70
56	27	43
56	28	96
56	29	88
56	30	8
56	31	13
56	32	96
56	33	88
56	34	67
56	35	60
56	36	68
56	37	52
56	38	79
56	39	39
56	40	38
56	41	74
56	42	62
56	43	75
56	44	83
56	45	76
56	46	7
56	47	7
56	48	25
56	49	53
56	50	59
56	51	88
56	52	40
56	53	77
56	54	71
56	55	34
57	0	16
57	1	4
57	2	26
57	3	76
57	4	11
57	5	50
57	6	25
57	7	20
57	8	39
57	9	39
57	10	91
57	11	14
57	12	10
57	13	11
57	14	89
57	15	83
57	16	20
57	17	79
57	18	95
57	19	58
57	20	14
57	21	62
57	22	70
57	23	9
57	24	23
57	25	71
57	26	59
57	27	65
57	28	65
57	29	65
57	30	12
57	31	66
57	32	2
57	33	33
57	34	87
57	35	70
57	36	98
57	37	55
57	38	25
57	39	57
57	40	37
57	41	73
57	42	68
57	43	72
57	44	24
57	45	55
57	46	76
57	47	52
57	48	87
57	49	35
57	50	66
57	51	51
57	52	92
57	53	65
57	54	21
57	55	52
57	56	19
58	0	51
58	1	12
58	2	53
58	3	61
58	4	49
58	5	95
58	6	46
58	7	46
58	8	78
58	9	63
58	10	98
58	11	32
58	12	58
58	13	65
58	14	99
58	15	27
58	16	77
58	17	20
58	18	20
58	19	9
58	20	40
58	21	59
58	22	53
58	23	80
58	24	1
58	25	59
58	26	94
58	27	3
58	28	18
58	29	78
58	30	89
58	31	47
58	32	1
58	33	77
58	34	24
58	35	63
58	36	76
58	37	58
58	38	99
58	39	84
58	40	48
58	41	26
58	42	49
58	43	90
58	44	26
58	45	10
58	46	19
58	47	91
58	48	52
58	49	49
58	50	37
58	51	57
58	52	88
58	53	68
58	54	100
58	55	57
58	56	22
58	57	84
59	0	5
59	1	42
59	2	90
59	3	6
59	4	74
59	5	77
59	6	78
59	7	47
59	8	46
59	9	44
59	10	94
59	11	83
59	12	63
59	13	30
59	14	94
59	15	23
59	16	71
59	17	71
59	18	5
59	19	90
59	20	53
59	21	5
59	22	66
59	23	59
59	24	73
59	25	76
59	26	67
59	27	33
59	28	56
59	29	18
59	30	4
59	31	3
59	32	30
59	33	46
59	34	34
59	35	16
59	36	12
59	37	6
59	38	43
59	39	17
59	40	17
59	41	39
59	42	78
59	43	79
59	44	57
59	45	64
59	46	83
59	47	83
59	48	38
59	49	28
59	50	76
59	51	52
59	52	65
59	53	93
59	54	26
59	55	10
59	56	48
59	57	64
59	58	62
60	0	36
60	1	72
60	2	11
60	3	82
60	4	99
60	5	15
60	6	79
60	7	70
60	8	21
60	9	71
60	10	23
60	11	12
60	12	29
60	13	65
60	14	68
60	15	5
60	16	71
60	17	54
60	18	4
60	19	19
60	20	82
60	21	93
60	22	73
60	23	95
60	24	37
60	25	25
60	26	35
60	27	90
60	28	80
60	29	18
60	30	55
60	31	37
60	32	77
60	33	42
60	34	49
60	35	6
60	36	92
60	37	15
60	38	73
60	39	34
60	40	24
60	41	79
60	42	8
60	43	66
60	44	28
60	45	49
60	46	48
60	47	54
60	48	90
60	49	59
60	50	43
60	51	16
60	52	96
60	53	39
60	54	25
60	55	77
60	56	56
60	57	92
60	58	84
60	59	25
61	0	44
61	1	38
61	2	13
61	3	13
61	4	4
61	5	75
61	6	7
61	7	54
61	8	87
61	9	21
61	10	47
61	11	4
61	12	21
61	13	8
61	14	22
61	15	53
61	16	27
61	17	2
61	18	67
61	19	54
61	20	70
61	21	5
61	22	23
61	23	82
61	24	80
61	25	42
61	26	57
61	27	15
61	28	98
61	29	61
61	30	35
61	31	91
61	32	42
61	33	13
61	34	79
61	35	73
61	36	13
61	37	87
61	38	32
61	39	34
61	40	1
61	41	99
61	42	15
61	43	65
61	44	7
61	45	59
61	46	79
61	47	32
61	48	35
61	49	64
61	50	52
61	51	31
61	52	82
61	53	32
61	54	12
61	55	100
61	56	66
61	57	86
61	58	100
61	59	30
61	60	50
62	0	75
62	1	94
62	2	70
62	3	1
62	4	8
62	5	83
62	6	83
62	7	16
62	8	10
62	9	91
62	10	14
62	11	38
62	12	82
62	13	5
62	14	68
62	15	54
62	16	23
62	17	30
62	18	90
62	19	7
62	20	40
62	21	34
62	22	49
62	23	24
62	24	65
62	25	69
62	26	4
62	27	18
62	28	82
62	29	9
62	30	100
62	31	64
62	32	14
62	33	71
62	34	4
62	35	18
62	36	44
62	37	38
62	38	49
62	39	16
62	40	11
62	41	69
62	42	39
62	43	80
62	44	88
62	45	92
62	46	65
62	47	69
62	48	79
62	49	24
62	50	90
62	51	98
62	52	62
62	53	56
62	54	16
62	55	57
62	56	19
62	57	53
62	58	9
62	59	5
62	60	38
62	61	64
63	0	24
63	1	34
63	2	46
63	3	24
63	4	28
63	5	86
63	6	75
63	7	45
63	8	4
63	9	12
63	10	6
63	11	36
63	12	44
63	13	98
63	14	41
63	15	27
63	16	81
63	17	45
63	18	52
63	19	96
63	20	95
63	21	22
63	22	75
63	23	70
63	24	13
63	25	12
63	26	62
63	27	60
63	28	44
63	29	32
63	30	74
63	31	3
63	32	23
63	33	28
63	34	77
63	35	66
63	36	8
63	37	77
63	38	41
63	39	28
63	40	78
63	41	59
63	42	84
63	43	4
63	44	37
63	45	25
63	46	20
63	47	37
63	48	16
63	49	24
63	50	16
63	51	64
63	52	27
63	53	63
63	54	6
63	55	23
63	56	83
63	57	82
63	58	21
63	59	59
63	60	93
63	61	49
63	62	10
64	0	40
64	1	59
64	2	33
64	3	58
64	4	11
64	5	70
64	6	19
64	7	58
64	8	48
64	9	32
64	10	88
64	11	50
64	12	14
64	13	34
64	14	62
64	15	92
64	16	80
64	17	97
64	18	40
64	19	47
64	20	12
64	21	51
64	22	74
64	23	35
64	24	62
64	25	33
64	26	83
64	27	6
64	28	48
64	29	66
64	30	93
64	31	80
64	32	27
64	33	1
64	34	71
64	35	28
64	36	72
64	37	3
64	38	44
64	39	53
64	40	34
64	41	21
64	42	31
64	43	10
64	44	98
64	45	76
64	46	57
64	47	44
64	48	36
64	49	23
64	50	68
64	51	2
64	52	43
64	53	15
64	54	54
64	55	33
64	56	45
64	57	98
64	58	21
64	59	21
64	60	73
64	61	83
64	62	20
64	63	31
65	0	43
65	1	7
65	2	10
65	3	8
65	4	72
65	5	44
65	6	29
65	7	83
65	8	58
65	9	95
65	10	12
65	11	73
65	12	40
65	13	92
65	14	15
65	15	75
65	16	7
65	17	28
65	18	85
65	19	36
65	20	40
65	21	83
65	22	99
65	23	6
65	24	18
65	25	38
65	26	90
65	27	47
65	28	66
65	29	78
65	30	37
65	31	10
65	32	27
65	33	34
65	34	98
65	35	57
65	36	35
65	37	71
65	38	48
65	39	56
65	40	98
65	41	46
65	42	49
65	43	63
65	44	48
65	45	81
65	46	65
65	47	24
65	48	55
65	49	3
65	50	72
65	51	6
65	52	86
65	53	6
65	54	76
65	55	98
65	56	50
65	57	3
65	58	34
65	59	37
65	60	2
65	61	67
65	62	49
65	63	48
65	64	50
66	0	70
66	1	25
66	2	84
66	3	87
66	4	45
66	5	87
66	6	27
66	7	31
66	8	65
66	9	30
66	10	14
66	11	23
66	12	64
66	13	25
66	14	69
66	15	3
66	16	24
66	17	85
66	18	76
66	19	88
66	20	64
66	21	89
66	22	98
66	23	87
66	24	24
66	25	29
66	26	40
66	27	27
66	28	87
66	29	1
66	30	9
66	31	34
66	32	43
66	33	98
66	34	42
66	35	38
66	36	7
66	37	7
66	38	91
66	39	35
66	40	79
66	41	88
66	42	67
66	43	34
66	44	4
66	45	65
66	46	78
66	47	87
66	48	51
66	49	44
66	50	53
66	51	67
66	52	85
66	53	22
66	54	34
66	55	37
66	56	52
66	57	99
66	58	69
66	59	96
66	60	49
66	61	85
66	62	33
66	63	36
66	64	29
66	65	82
67	0	32
67	1	8
67	2	93
67	3	24
67	4	9
67	5	5
67	6	4
67	7	48
67	8	82
67	9	16
67	10	42
67	11	63
67	12	27
67	13	66
67	14	2
67	15	71
67	16	59
67	17	73
67	18	97
67	19	58
67	20	27
67	21	87
67	22	76
67	23	61
67	24	18
67	25	93
67	26	33
67	27	65
67	28	83
67	29	34
67	30	53
67	31	26
67	32	92
67	33	99
67	34	23
67	35	17
67	36	73
67	37	35
67	38	80
67	39	48
67	40	61
67	41	18
67	42	42
67	43	5
67	44	25
67	45	86
67	46	99
67	47	27
67	48	2
67	49	63
67	50	13
67	51	22
67	52	69
67	53	36
67	54	13
67	55	54
67	56	19
67	57	40
67	58	1
67	59	77
67	60	35
67	61	76
67	62	9
67	63	71
67	64	83
67	65	1
67	66	30
68	0	28
68	1	85
68	2	97
68	3	30
68	4	17
68	5	88
68	6	10
68	7	76
68	8	12
68	9	67
68	10	26
68	11	85
68	12	9
68	13	16
68	14	83
68	15	41
68	16	44
68	17	75
68	18	46
68	19	30
68	20	45
68	21	11
68	22	5
68	23	89
68	24	6
68	25	72
68	26	47
68	27	50
68	28	81
68	29	69
68	30	50
68	31	99
68	32	12
68	33	91
68	34	54
68	35	98
68	36	54
68	37	78
68	38	46
68	39	6
68	40	57
68	41	87
68	42	30
68	43	7
68	44	35
68	45	60
68	46	65
68	47	2
68	48	77
68	49	64
68	50	19
68	51	34
68	52	87
68	53	71
68	54	84
68	55	2
68	56	39
68	57	91
68	58	64
68	59	11
68	60	77
68	61	69
68	62	42
68	63	13
68	64	52
68	65	62
68	66	23
68	67	52
69	0	27
69	1	25
69	2	58
69	3	74
69	4	96
69	5	47
69	6	31
69	7	65
69	8	39
69	9	25
69	10	12
69	11	94
69	12	52
69	13	87
69	14	81
69	15	59
69	16	96
69	17	42
69	18	100
69	19	89
69	20	56
69	21	15
69	22	48
69	23	68
69	24	74
69	25	10
69	26	95
69	27	17
69	28	87
69	29	69
69	30	78
69	31	10
69	32	19
69	33	44
69	34	50
69	35	14
69	36	77
69	37	4
69	38	58
69	39	22
69	40	47
69	41	49
69	42	99
69	43	54
69	44	32
69	45	31
69	46	70
69	47	34
69	48	36
69	49	91
69	50	18
69	51	75
69	52	82
69	53	5
69	54	14
69	55	10
69	56	28
69	57	18
69	58	19
69	59	28
69	60	100
69	61	35
69	62	66
69	63	22
69	64	42
69	65	15
69	66	72
69	67	35
69	68	51
70	0	91
70	1	70
70	2	88
70	3	9
70	4	61
70	5	61
70	6	82
70	7	20
70	8	61
70	9	23
70	10	71
70	11	1
70	12	80
70	13	100
70	14	10
70	15	58
70	16	34
70	17	82
70	18	99
70	19	99
70	20	91
70	21	4
70	22	30
70	23	14
70	24	14
70	25	93
70	26	9
70	27	16
70	28	2
70	29	64
70	30	94
70	31	14
70	32	40
70	33	33
70	34	10
70	35	9
70	36	80
70	37	76
70	38	66
70	39	36
70	40	71
70	41	63
70	42	81
70	43	29
70	44	37
70	45	44
70	46	77
70	47	13
70	48	41
70	49	26
70	50	1
70	51	46
70	52	96
70	53	21
70	54	29
70	55	98
70	56	85
70	57	41
70	58	16
70	59	94
70	60	10
70	61	44
70	62	6
70	63	58
70	64	76
70	65	34
70	66	22
70	67	17
70	68	40
70	69	92
71	0	43
71	1	48
71	2	36
71	3	38
71	4	41
71	5	79
71	6	86
71	7	97
71	8	52
71	9	56
71	10	21
71	11	50
71	12	2
71	13	11
71	14	51
71	15	94
71	16	12
71	17	60
71	18	17
71	19	92
71	20	99
71	21	84
71	22	39
71	23	22
71	24	97
71	25	45
71	26	87
71	27	83
71	28	31
71	29	83
71	30	66
71	31	47
71	32	12
71	33	16
71	34	1
71	35	29
71	36	68
71	37	9
71	38	11
71	39	96
71	40	70
71	41	27
71	42	75
71	43	56
71	44	61
71	45	50
71	46	92
71	47	2
71	48	67
71	49	36
71	50	97
71	51	67
71	52	94
71	53	63
71	54	98
71	55	23
71	56	31
71	57	27
71	58	13
71	59	25
71	60	97
71	61	26
71	62	64
71	63	6
71	64	65
71	65	6
71	66	64
71	67	45
71	68	26
71	69	13
71	70	40
72	0	5
72	1	46
72	2	46
72	3	74
72	4	69
72	5	25
72	6	78
72	7	35
72	8	50
72	9	59
72	10	78
72	11	46
72	12	72
72	13	82
72	14	43
72	15	43
72	16	19
72	17	49
72	18	58
72	19	49
72	20	66
72	21	61
72	22	77
72	23	89
72	24	1
72	25	19
72	26	79
72	27	99
72	28	90
72	29	72
72	30	2
72	31	1
72	32	8
72	33	78
72	34	13
72	35	54
72	36	35
72	37	17
72	38	21
72	39	86
72	40	83
72	41	51
72	42	49
72	43	58
72	44	87
72	45	24
72	46	85
72	47	5
72	48	94
72	49	45
72	50	26
72	51	54
72	52	70
72	53	44
72	54	65
72	55	32
72	56	90
72	57	44
72	58	26
72	59	52
72	60	27
72	61	69
72	62	98
72	63	89
72	64	55
72	65	21
72	66	96
72	67	33
72	68	28
72	69	65
72	70	6
72	71	33
73	0	45
73	1	3
73	2	91
73	3	45
73	4	93
73	5	15
73	6	67
73	7	96
73	8	49
73	9	17
73	10	65
73	11	6
73	12	92
73	13	31
73	14	95
73	15	80
73	16	67
73	17	53
73	18	68
73	19	52
73	20	51
73	21	24
73	22	77
73	23	61
73	24	25
73	25	72
73	26	33
73	27	87
73	28	98
73	29	1
73	30	72
73	31	62
73	32	22
73	33	96
73	34	2
73	35	55
73	36	57
73	37	52
73	38	16
73	39	34
73	40	65
73	41	23
73	42	15
73	43	33
73	44	86
73	45	42
73	46	31
73	47	13
73	48	3
73	49	98
73	50	58
73	51	21
73	52	46
73	53	19
73	54	69
73	55	88
73	56	38
73	57	81
73	58	33
73	59	20
73	60	63
73	61	67
73	62	27
73	63	45
73	64	90
73	65	1
73	66	13
73	67	91
73	68	48
73	69	2
73	70	18
73	71	9
73	72	39
74	0	81
74	1	98
74	2	35
74	3	44
74	4	33
74	5	19
74	6	28
74	7	49
74	8	93
74	9	21
74	10	100
74	11	15
74	12	58
74	13	49
74	14	29
74	15	96
74	16	83
74	17	65
74	18	47
74	19	80
74	20	68
74	21	11
74	22	34
74	23	23
74	24	65
74	25	72
74	26	26
74	27	81
74	28	40
74	29	17
74	30	33
74	31	66
74	32	22
74	33	78
74	34	9
74	35	23
74	36	8
74	37	57
74	38	20
74	39	28
74	40	15
74	41	99
74	42	26
74	43	52
74	44	28
74	45	30
74	46	59
74	47	3
74	48	38
74	49	3
74	50	78
74	51	80
74	52	85
74	53	76
74	54	17
74	55	2
74	56	90
74	57	87
74	58	1
74	59	15
74	60	89
74	61	57
74	62	19
74	63	57
74	64	57
74	65	2
74	66	76
74	67	69
74	68	73
74	69	29
74	70	59
74	71	6
74	72	98
74	73	41
75	0	89
75	1	36
75	2	55
75	3	55
75	4	9
75	5	54
75	6	84
75	7	57
75	8	91
75	9	97
75	10	16
75	11	89
75	12	36
75	13	59
75	14	23
75	15	17
75	16	48
75	17	90
75	18	55
75	19	45
75	20	36
75	21	25
75	22	18
75	23	83
75	24	98
75	25	82
75	26	85
75	27	95
75	28	73
75	29	10
75	30	27
75	31	60
75	32	44
75	33	95
75	34	99
75	35	65
75	36	26
75	37	70
75	38	93
75	39	18
75	40	31
75	41	24
75	42	68
75	43	64
75	44	86
75	45	37
75	46	78
75	47	87
75	48	74
75	49	39
75	50	24
75	51	59
75	52	76
75	53	57
75	54	7
75	55	82
75	56	70
75	57	59
75	58	9
75	59	76
75	60	49
75	61	32
75	62	81
75	63	43
75	64	33
75	65	36
75	66	20
75	67	59
75	68	48
75	69	59
75	70	45
75	71	54
75	72	95
75	73	48
75	74	62
76	0	81
76	1	13
76	2	42
76	3	45
76	4	73
76	5	18
76	6	27
76	7	59
76	8	16
76	9	73
76	10	38
76	11	89
76	12	36
76	13	76
76	14	89
76	15	62
76	16	87
76	17	77
76	18	69
76	19	64
76	20	73
76	21	87
76	22	6
76	23	48
76	24	45
76	25	69
76	26	88
76	27	41
76	28	55
76	29	15
76	30	68
76	31	94
76	32	89
76	33	60
76	34	71
76	35	37
76	36	48
76	37	14
76	38	8
76	39	35
76	40	37
76	41	33
76	42	51
76	43	73
76	44	31
76	45	26
76	46	49
76	47	45
76	48	23
76	49	25
76	50	92
76	51	9
76	52	90
76	53	20
76	54	77
76	55	7
76	56	47
76	57	76
76	58	88
76	59	94
76	60	56
76	61	80
76	62	48
76	63	7
76	64	70
76	65	64
76	66	87
76	67	94
76	68	30
76	69	79
76	70	29
76	71	33
76	72	5
76	73	93
76	74	84
76	75	60
77	0	40
77	1	98
77	2	8
77	3	47
77	4	22
77	5	84
77	6	22
77	7	15
77	8	98
77	9	68
77	10	38
77	11	10
77	12	18
77	13	8
77	14	80
77	15	25
77	16	41
77	17	39
77	18	52
77	19	93
77	20	59
77	21	19
77	22	58
77	23	95
77	24	68
77	25	74
77	26	19
77	27	43
77	28	4
77	29	32
77	30	46
77	31	100
77	32	85
77	33	20
77	34	32
77	35	79
77	36	82
77	37	72
77	38	41
77	39	44
77	40	18
77	41	8
77	42	10
77	43	49
77	44	58
77	45	89
77	46	25
77	47	46
77	48	94
77	49	55
77	50	73
77	51	89
77	52	38
77	53	83
77	54	21
77	55	2
77	56	6
77	57	12
77	58	52
77	59	3
77	60	12
77	61	17
77	62	39
77	63	77
77	64	87
77	65	70
77	66	55
77	67	48
77	68	2
77	69	85
77	70	69
77	71	84
77	72	51
77	73	68
77	74	28
77	75	3
77	76	46
78	0	96
78	1	29
78	2	22
78	3	63
78	4	29
78	5	14
78	6	92
78	7	89
78	8	74
78	9	100
78	10	63
78	11	67
78	12	78
78	13	100
78	14	95
78	15	15
78	16	47
78	17	51
78	18	28
78	19	95
78	20	92
78	21	74
78	22	36
78	23	23
78	24	4
78	25	83
78	26	28
78	27	16
78	28	59
78	29	71
78	30	25
78	31	60
78	32	70
78	33	29
78	34	38
78	35	29
78	36	37
78	37	36
78	38	26
78	39	73
78	40	87
78	41	24
78	42	3
78	43	23
78	44	83
78	45	47
78	46	35
78	47	77
78	48	7
78	49	61
78	50	59
78	51	20
78	52	23
78	53	1
78	54	3
78	55	49
78	56	97
78	57	35
78	58	30
78	59	59
78	60	19
78	61	41
78	62	52
78	63	20
78	64	79
78	65	80
78	66	12
78	67	53
78	68	59
78	69	45
78	70	55
78	71	19
78	72	40
78	73	51
78	74	76
78	75	43
78	76	67
78	77	25
79	0	89
79	1	35
79	2	86
79	3	20
79	4	87
79	5	90
79	6	53
79	7	19
79	8	87
79	9	14
79	10	69
79	11	88
79	12	20
79	13	79
79	14	32
79	15	58
79	16	100
79	17	32
79	18	77
79	19	51
79	20	44
79	21	54
79	22	3
79	23	71
79	24	49
79	25	58
79	26	28
79	27	99
79	28	72
79	29	39
79	30	20
79	31	68
79	32	88
79	33	75
79	34	94
79	35	53
79	36	63
79	37	22
79	38	38
79	39	40
79	40	85
79	41	3
79	42	39
79	43	77
79	44	91
79	45	84
79	46	87
79	47	50
79	48	88
79	49	54
79	50	85
79	51	19
79	52	90
79	53	18
79	54	98
79	55	33
79	56	30
79	57	24
79	58	15
79	59	65
79	60	25
79	61	54
79	62	21
79	63	55
79	64	4
79	65	56
79	66	29
79	67	59
79	68	72
79	69	67
79	70	9
79	71	13
79	72	77
79	73	57
79	74	48
79	75	52
79	76	95
79	77	36
79	78	25
80	0	36
80	1	40
80	2	84
80	3	69
80	4	68
80	5	96
80	6	54
80	7	67
80	8	86
80	9	63
80	10	50
80	11	5
80	12	7
80	13	65
80	14	3
80	15	14
80	16	62
80	17	96
80	18	21
80	19	37
80	20	60
80	21	17
80	22	69
80	23	62
80	24	77
80	25	91
80	26	76
80	27	23
80	28	64
80	29	59
80	30	85
80	31	19
80	32	73
80	33	76
80	34	43
80	35	12
80	36	5
80	37	10
80	38	2
80	39	99
80	40	52
80	41	21
80	42	60
80	43	65
80	44	91
80	45	25
80	46	62
80	47	87
80	48	37
80	49	53
80	50	66
80	51	28
80	52	76
80	53	43
80	54	99
80	55	13
80	56	62
80	57	5
80	58	72
80	59	84
80	60	28
80	61	4
80	62	19
80	63	27
80	64	79
80	65	20
80	66	3
80	67	79
80	68	12
80	69	21
80	70	43
80	71	20
80	72	3
80	73	74
80	74	81
80	75	93
80	76	54
80	77	30
80	78	100
80	79	94
81	0	20
81	1	65
81	2	63
81	3	10
81	4	23
81	5	20
81	6	38
81	7	59
81	8	20
81	9	45
81	10	8
81	11	29
81	12	22
81	13	39
81	14	67
81	15	10
81	16	81
81	17	83
81	18	91
81	19	22
81	20	78
81	21	80
81	22	98
81	23	73
81	24	35
81	25	14
81	26	30
81	27	51
81	28	69
81	29	61
81	30	7
81	31	66
81	32	19
81	33	52
81	34	74
81	35	51
81	36	95
81	37	22
81	38	23
81	39	37
81	40	12
81	41	95
81	42	56
81	43	31
81	44	79
81	45	91
81	46	56
81	47	25
81	48	53
81	49	37
81	50	68
81	51	44
81	52	13
81	53	12
81	54	74
81	55	27
81	56	69
81	57	21
81	58	63
81	59	20
81	60	18
81	61	67
81	62	17
81	63	26
81	64	53
81	65	71
81	66	41
81	67	19
81	68	34
81	69	43
81	70	76
81	71	85
81	72	4
81	73	30
81	74	87
81	75	57
81	76	13
81	77	49
81	78	79
81	79	21
81	80	95
82	0	72
82	1	29
82	2	77
82	3	83
82	4	44
82	5	51
82	6	19
82	7	100
82	8	44
82	9	71
82	10	12
82	11	78
82	12	70
82	13	25
82	14	68
82	15	4
82	16	14
82	17	96
82	18	27
82	19	62
82	20	96
82	21	25
82	22	57
82	23	73
82	24	66
82	25	73
82	26	86
82	27	85
82	28	6
82	29	2
82	30	21
82	31	49
82	32	91
82	33	68
82	34	20
82	35	57
82	36	62
82	37	81
82	38	9
82	39	29
82	40	61
82	41	94
82	42	80
82	43	41
82	44	78
82	45	43
82	46	16
82	47	82
82	48	23
82	49	84
82	50	67
82	51	33
82	52	6
82	53	81
82	54	4
82	55	33
82	56	88
82	57	46
82	58	82
82	59	63
82	60	11
82	61	30
82	62	65
82	63	52
82	64	51
82	65	78
82	66	13
82	67	44
82	68	89
82	69	81
82	70	71
82	71	44
82	72	98
82	73	6
82	74	38
82	75	27
82	76	65
82	77	44
82	78	20
82	79	7
82	80	99
82	81	38
83	0	80
83	1	13
83	2	97
83	3	23
83	4	84
83	5	52
83	6	28
83	7	93
83	8	63
83	9	24
83	10	33
83	11	8
83	12	18
83	13	20
83	14	16
83	15	62
83	16	46
83	17	61
83	18	45
83	19	54
83	20	48
83	21	29
83	22	73
83	23	48
83	24	73
83	25	2
83	26	7
83	27	60
83	28	26
83	29	32
83	30	6
83	31	72
83	32	96
83	33	37
83	34	70
83	35	19
83	36	30
83	37	7
83	38	54
83	39	41
83	40	28
83	41	44
83	42	72
83	43	14
83	44	73
83	45	52
83	46	12
83	47	17
83	48	81
83	49	45
83	50	61
83	51	44
83	52	53
83	53	59
83	54	87
83	55	23
83	56	82
83	57	3
83	58	72
83	59	83
83	60	54
83	61	59
83	62	62
83	63	88
83	64	28
83	65	16
83	66	76
83	67	7
83	68	14
83	69	97
83	70	24
83	71	82
83	72	42
83	73	86
83	74	48
83	75	89
83	76	91
83	77	21
83	78	55
83	79	77
83	80	3
83	81	83
83	82	59
84	0	17
84	1	25
84	2	77
84	3	5
84	4	64
84	5	28
84	6	1
84	7	65
84	8	5
84	9	27
84	10	68
84	11	2
84	12	68
84	13	45
84	14	41
84	15	78
84	16	57
84	17	16
84	18	79
84	19	63
84	20	5
84	21	77
84	22	54
84	23	96
84	24	56
84	25	31
84	26	39
84	27	64
84	28	87
84	29	91
84	30	33
84	31	80
84	32	37
84	33	37
84	34	32
84	35	10
84	36	27
84	37	77
84	38	75
84	39	59
84	40	21
84	41	86
84	42	86
84	43	31
84	44	59
84	45	34
84	46	94
84	47	98
84	48	53
84	49	89
84	50	73
84	51	60
84	52	42
84	53	41
84	54	18
84	55	54
84	56	97
84	57	6
84	58	49
84	59	34
84	60	33
84	61	89
84	62	82
84	63	37
84	64	77
84	65	89
84	66	12
84	67	69
84	68	55
84	69	26
84	70	7
84	71	100
84	72	8
84	73	59
84	74	88
84	75	37
84	76	30
84	77	77
84	78	70
84	79	71
84	80	60
84	81	3
84	82	75
84	83	34
85	0	60
85	1	1
85	2	16
85	3	24
85	4	24
85	5	17
85	6	25
85	7	66
85	8	47
85	9	21
85	10	9
85	11	13
85	12	6
85	13	24
85	14	53
85	15	36
85	16	82
85	17	76
85	18	84
85	19	92
85	20	35
85	21	21
85	22	91
85	23	53
85	24	89
85	25	81
85	26	66
85	27	37
85	28	28
85	29	19
85	30	5
85	31	68
85	32	41
85	33	45
85	34	77
85	35	70
85	36	54
85	37	8
85	38	46
85	39	90
85	40	8
85	41	11
85	42	93
85	43	57
85	44	17
85	45	68
85	46	39
85	47	96
85	48	81
85	49	40
85	50	94
85	51	38
85	52	40
85	53	63
85	54	36
85	55	36
85	56	33
85	57	66
85	58	10
85	59	15
85	60	90
85	61	91
85	62	3
85	63	32
85	64	96
85	65	20
85	66	14
85	67	59
85	68	2
85	69	71
85	70	3
85	71	56
85	72	88
85	73	13
85	74	72
85	75	50
85	76	92
85	77	40
85	78	52
85	79	51
85	80	75
85	81	47
85	82	44
85	83	98
85	84	11
86	0	30
86	1	89
86	2	62
86	3	14
86	4	82
86	5	42
86	6	41
86	7	51
86	8	12
86	9	94
86	10	91
86	11	8
86	12	49
86	13	50
86	14	3
86	15	46
86	16	3
86	17	18
86	18	18
86	19	84
86	20	30
86	21	91
86	22	36
86	23	30
86	24	4
86	25	40
86	26	28
86	27	21
86	28	19
86	29	43
86	30	25
86	31	2
86	32	40
86	33	97
86	34	4
86	35	14
86	36	43
86	37	54
86	38	95
86	39	45
86	40	56
86	41	44
86	42	69
86	43	34
86	44	28
86	45	70
86	46	73
86	47	69
86	48	34
86	49	91
86	50	5
86	51	88
86	52	20
86	53	52
86	54	95
86	55	9
86	56	88
86	57	23
86	58	43
86	59	57
86	60	54
86	61	67
86	62	36
86	63	48
86	64	82
86	65	46
86	66	31
86	67	2
86	68	55
86	69	24
86	70	70
86	71	94
86	72	100
86	73	93
86	74	67
86	75	79
86	76	42
86	77	8
86	78	60
86	79	49
86	80	100
86	81	72
86	82	73
86	83	65
86	84	22
86	85	10
87	0	97
87	1	77
87	2	25
87	3	8
87	4	67
87	5	99
87	6	3
87	7	62
87	8	6
87	9	22
87	10	52
87	11	50
87	12	48
87	13	2
87	14	62
87	15	98
87	16	44
87	17	76
87	18	81
87	19	42
87	20	96
87	21	17
87	22	57
87	23	50
87	24	98
87	25	24
87	26	78
87	27	75
87	28	47
87	29	37
87	30	79
87	31	95
87	32	45
87	33	47
87	34	16
87	35	62
87	36	21
87	37	48
87	38	92
87	39	80
87	40	40
87	41	31
87	42	82
87	43	79
87	44	95
87	45	76
87	46	13
87	47	76
87	48	81
87	49	99
87	50	37
87	51	22
87	52	59
87	53	79
87	54	35
87	55	55
87	56	31
87	57	69
87	58	63
87	59	11
87	60	98
87	61	41
87	62	1
87	63	63
87	64	26
87	65	50
87	66	83
87	67	85
87	68	86
87	69	40
87	70	20
87	71	45
87	72	21
87	73	19
87	74	47
87	75	87
87	76	8
87	77	85
87	78	98
87	79	16
87	80	25
87	81	92
87	82	79
87	83	12
87	84	99
87	85	83
87	86	86
88	0	90
88	1	80
88	2	16
88	3	54
88	4	27
88	5	74
88	6	73
88	7	74
88	8	41
88	9	7
88	10	22
88	11	27
88	12	47
88	13	91
88	14	51
88	15	10
88	16	63
88	17	74
88	18	18
88	19	71
88	20	33
88	21	97
88	22	45
88	23	25
88	24	3
88	25	20
88	26	22
88	27	83
88	28	48
88	29	97
88	30	14
88	31	48
88	32	47
88	33	69
88	34	54
88	35	60
88	36	83
88	37	43
88	38	60
88	39	1
88	40	36
88	41	71
88	42	25
88	43	74
88	44	19
88	45	51
88	46	84
88	47	91
88	48	69
88	49	70
88	50	74
88	51	9
88	52	80
88	53	83
88	54	18
88	55	42
88	56	86
88	57	47
88	58	29
88	59	70
88	60	18
88	61	38
88	62	75
88	63	99
88	64	80
88	65	25
88	66	18
88	67	55
88	68	82
88	69	33
88	70	27
88	71	78
88	72	79
88	73	36
88	74	12
88	75	68
88	76	38
88	77	3
88	78	90
88	79	69
88	80	93
88	81	4
88	82	91
88	83	96
88	84	71
88	85	7
88	86	11
88	87	92
89	0	26
89	1	87
89	2	8
89	3	61
89	4	31
89	5	90
89	6	95
89	7	81
89	8	26
89	9	96
89	10	76
89	11	46
89	12	23
89	13	68
89	14	98
89	15	52
89	16	54
89	17	54
89	18	35
89	19	65
89	20	83
89	21	69
89	22	61
89	23	18
89	24	17
89	25	89
89	26	4
89	27	22
89	28	77
89	29	39
89	30	93
89	31	40
89	32	82
89	33	17
89	34	28
89	35	11
89	36	95
89	37	99
89	38	40
89	39	24
89	40	82
89	41	9
89	42	89
89	43	58
89	44	65
89	45	8
89	46	24
89	47	60
89	48	75
89	49	40
89	50	40
89	51	52
89	52	41
89	53	39
89	54	84
89	55	71
89	56	83
89	57	91
89	58	61
89	59	73
89	60	58
89	61	67
89	62	63
89	63	68
89	64	48
89	65	91
89	66	29
89	67	98
89	68	50
89	69	79
89	70	68
89	71	42
89	72	94
89	73	16
89	74	50
89	75	75
89	76	98
89	77	44
89	78	23
89	79	84
89	80	52
89	81	14
89	82	31
89	83	39
89	84	43
89	85	5
89	86	39
89	87	90
89	88	37
90	0	7
90	1	78
90	2	29
90	3	10
90	4	24
90	5	12
90	6	5
90	7	9
90	8	61
90	9	18
90	10	63
90	11	100
90	12	78
90	13	41
90	14	1
90	15	2
90	16	25
90	17	10
90	18	74
90	19	19
90	20	15
90	21	62
90	22	85
90	23	30
90	24	94
90	25	26
90	26	17
90	27	71
90	28	74
90	29	32
90	30	70
90	31	56
90	32	54
90	33	79
90	34	92
90	35	25
90	36	63
90	37	66
90	38	88
90	39	71
90	40	46
90	41	74
90	42	79
90	43	87
90	44	26
90	45	70
90	46	79
90	47	60
90	48	83
90	49	3
90	50	31
90	51	51
90	52	72
90	53	95
90	54	22
90	55	16
90	56	60
90	57	68
90	58	50
90	59	93
90	60	47
90	61	27
90	62	83
90	63	71
90	64	92
90	65	35
90	66	77
90	67	44
90	68	90
90	69	13
90	70	72
90	71	62
90	72	44
90	73	69
90	74	63
90	75	91
90	76	75
90	77	34
90	78	47
90	79	12
90	80	4
90	81	98
90	82	6
90	83	81
90	84	81
90	85	85
90	86	97
90	87	62
90	88	30
90	89	8
91	0	71
91	1	77
91	2	6
91	3	32
91	4	66
91	5	34
91	6	79
91	7	25
91	8	29
91	9	2
91	10	63
91	11	69
91	12	96
91	13	95
91	14	73
91	15	25
91	16	52
91	17	85
91	18	55
91	19	36
91	20	64
91	21	89
91	22	26
91	23	53
91	24	40
91	25	5
91	26	18
91	27	85
91	28	67
91	29	21
91	30	97
91	31	91
91	32	48
91	33	32
91	34	58
91	35	81
91	36	30
91	37	85
91	38	31
91	39	20
91	40	36
91	41	26
91	42	57
91	43	75
91	44	20
91	45	10
91	46	40
91	47	97
91	48	29
91	49	82
91	50	62
91	51	65
91	52	31
91	53	25
91	54	54
91	55	56
91	56	73
91	57	52
91	58	9
91	59	64
91	60	45
91	61	10
91	62	36
91	63	91
91	64	44
91	65	41
91	66	28
91	67	89
91	68	19
91	69	54
91	70	81
91	71	37
91	72	78
91	73	83
91	74	94
91	75	77
91	76	2
91	77	46
91	78	68
91	79	88
91	80	19
91	81	53
91	82	79
91	83	94
91	84	1
91	85	88
91	86	6
91	87	40
91	88	28
91	89	51
91	90	49
92	0	58
92	1	74
92	2	66
92	3	82
92	4	21
92	5	46
92	6	46
92	7	44
92	8	59
92	9	10
92	10	76
92	11	94
92	12	10
92	13	93
92	14	15
92	15	86
92	16	26
92	17	46
92	18	10
92	19	30
92	20	99
92	21	48
92	22	27
92	23	81
92	24	38
92	25	45
92	26	78
92	27	19
92	28	45
92	29	25
92	30	63
92	31	52
92	32	7
92	33	51
92	34	17
92	35	66
92	36	71
92	37	10
92	38	59
92	39	86
92	40	44
92	41	14
92	42	59
92	43	56
92	44	8
92	45	60
92	46	10
92	47	100
92	48	22
92	49	80
92	50	64
92	51	62
92	52	13
92	53	89
92	54	86
92	55	23
92	56	55
92	57	13
92	58	46
92	59	15
92	60	20
92	61	37
92	62	79
92	63	2
92	64	66
92	65	5
92	66	89
92	67	42
92	68	89
92	69	59
92	70	84
92	71	28
92	72	75
92	73	75
92	74	75
92	75	3
92	76	66
92	77	17
92	78	95
92	79	42
92	80	37
92	81	51
92	82	27
92	83	68
92	84	61
92	85	73
92	86	62
92	87	91
92	88	24
92	89	55
92	90	94
92	91	54
93	0	90
93	1	75
93	2	1
93	3	69
93	4	78
93	5	44
93	6	42
93	7	90
93	8	19
93	9	75
93	10	36
93	11	32
93	12	100
93	13	11
93	14	27
93	15	86
93	16	58
93	17	74
93	18	19
93	19	19
93	20	90
93	21	12
93	22	99
93	23	62
93	24	80
93	25	17
93	26	100
93	27	29
93	28	54
93	29	89
93	30	57
93	31	57
93	32	44
93	33	82
93	34	52
93	35	100
93	36	96
93	37	6
93	38	80
93	39	69
93	40	8
93	41	42
93	42	43
93	43	96
93	44	86
93	45	18
93	46	80
93	47	63
93	48	60
93	49	97
93	50	11
93	51	99
93	52	61
93	53	20
93	54	23
93	55	30
93	56	31
93	57	39
93	58	86
93	59	53
93	60	19
93	61	48
93	62	52
93	63	20
93	64	54
93	65	96
93	66	52
93	67	76
93	68	68
93	69	7
93	70	48
93	71	91
93	72	59
93	73	85
93	74	3
93	75	80
93	76	39
93	77	34
93	78	28
93	79	70
93	80	73
93	81	57
93	82	75
93	83	85
93	84	16
93	85	23
93	86	31
93	87	60
93	88	96
93	89	71
93	90	27
93	91	15
93	92	50
94	0	84
94	1	100
94	2	17
94	3	64
94	4	42
94	5	64
94	6	29
94	7	27
94	8	31
94	9	58
94	10	78
94	11	47
94	12	50
94	13	84
94	14	78
94	15	29
94	16	94
94	17	22
94	18	28
94	19	48
94	20	55
94	21	48
94	22	95
94	23	87
94	24	58
94	25	41
94	26	37
94	27	4
94	28	79
94	29	8
94	30	35
94	31	56
94	32	99
94	33	34
94	34	13
94	35	27
94	36	41
94	37	59
94	38	19
94	39	59
94	40	72
94	41	55
94	42	23
94	43	73
94	44	81
94	45	93
94	46	91
94	47	52
94	48	84
94	49	100
94	50	51
94	51	19
94	52	34
94	53	77
94	54	57
94	55	76
94	56	9
94	57	37
94	58	71
94	59	76
94	60	66
94	61	5
94	62	87
94	63	31
94	64	47
94	65	20
94	66	92
94	67	63
94	68	76
94	69	78
94	70	41
94	71	45
94	72	35
94	73	4
94	74	99
94	75	28
94	76	81
94	77	88
94	78	73
94	79	12
94	80	53
94	81	38
94	82	4
94	83	87
94	84	8
94	85	24
94	86	81
94	87	84
94	88	70
94	89	5
94	90	76
94	91	58
94	92	1
94	93	41
95	0	31
95	1	47
95	2	75
95	3	53
95	4	69
95	5	65
95	6	18
95	7	15
95	8	74
95	9	33
95	10	62
95	11	92
95	12	66
95	13	41
95	14	94
95	15	98
95	16	95
95	17	20
95	18	98
95	19	16
95	20	16
95	21	24
95	22	63
95	23	96
95	24	90
95	25	44
95	26	25
95	27	45
95	28	16
95	29	50
95	30	25
95	31	41
95	32	80
95	33	75
95	34	11
95	35	27
95	36	44
95	37	54
95	38	44
95	39	5
95	40	42
95	41	47
95	42	18
95	43	47
95	44	3
95	45	31
95	46	66
95	47	35
95	48	59
95	49	96
95	50	100
95	51	23
95	52	14
95	53	65
95	54	51
95	55	50
95	56	98
95	57	10
95	58	7
95	59	7
95	60	88
95	61	86
95	62	86
95	63	84
95	64	73
95	65	53
95	66	65
95	67	15
95	68	63
95	69	97
95	70	28
95	71	15
95	72	4
95	73	53
95	74	1
95	75	26
95	76	92
95	77	11
95	78	6
95	79	47
95	80	54
95	81	25
95	82	48
95	83	6
95	84	81
95	85	68
95	86	44
95	87	40
95	88	36
95	89	63
95	90	99
95	91	61
95	92	7
95	93	27
95	94	3
96	0	43
96	1	25
96	2	91
96	3	60
96	4	65
96	5	78
96	6	92
96	7	51
96	8	32
96	9	48
96	10	27
96	11	59
96	12	25
96	13	55
96	14	36
96	15	64
96	16	63
96	17	6
96	18	65
96	19	65
96	20	91
96	21	71
96	22	57
96	23	67
96	24	22
96	25	95
96	26	58
96	27	83
96	28	81
96	29	36
96	30	1
96	31	68
96	32	14
96	33	76
96	34	37
96	35	71
96	36	66
96	37	50
96	38	45
96	39	47
96	40	54
96	41	82
96	42	15
96	43	58
96	44	16
96	45	13
96	46	96
96	47	26
96	48	56
96	49	83
96	50	77
96	51	3
96	52	34
96	53	39
96	54	21
96	55	32
96	56	49
96	57	34
96	58	67
96	59	2
96	60	33
96	61	3
96	62	87
96	63	3
96	64	73
96	65	35
96	66	78
96	67	60
96	68	21
96	69	33
96	70	97
96	71	76
96	72	95
96	73	47
96	74	94
96	75	100
96	76	68
96	77	48
96	78	100
96	79	53
96	80	47
96	81	54
96	82	100
96	83	43
96	84	90
96	85	67
96	86	47
96	87	25
96	88	26
96	89	64
96	90	9
96	91	14
96	92	62
96	93	43
96	94	69
96	95	13
97	0	79
97	1	27
97	2	5
97	3	27
97	4	13
97	5	39
97	6	59
97	7	95
97	8	83
97	9	74
97	10	10
97	11	34
97	12	60
97	13	32
97	14	93
97	15	68
97	16	75
97	17	54
97	18	63
97	19	63
97	20	74
97	21	7
97	22	68
97	23	52
97	24	64
97	25	83
97	26	83
97	27	43
97	28	13
97	29	76
97	30	64
97	31	7
97	32	17
97	33	73
97	34	55
97	35	26
97	36	43
97	37	43
97	38	81
97	39	98
97	40	65
97	41	40
97	42	90
97	43	22
97	44	91
97	45	17
97	46	35
97	47	22
97	48	67
97	49	1
97	50	100
97	51	99
97	52	56
97	53	51
97	54	14
97	55	91
97	56	54
97	57	29
97	58	73
97	59	53
97	60	93
97	61	79
97	62	74
97	63	11
97	64	2
97	65	49
97	66	59
97	67	9
97	68	42
97	69	92
97	70	93
97	71	36
97	72	13
97	73	44
97	74	88
97	75	89
97	76	47
97	77	26
97	78	2
97	79	34
97	80	22
97	81	79
97	82	41
97	83	76
97	84	98
97	85	49
97	86	37
97	87	30
97	88	65
97	89	5
97	90	45
97	91	26
97	92	7
97	93	17
97	94	63
97	95	7
97	96	88
98	0	62
98	1	43
98	2	85
98	3	42
98	4	2
98	5	39
98	6	66
98	7	20
98	8	63
98	9	34
98	10	22
98	11	69
98	12	68
98	13	39
98	14	64
98	15	5
98	16	63
98	17	69
98	18	30
98	19	97
98	20	65
98	21	67
98	22	92
98	23	8
98	24	99
98	25	29
98	26	74
98	27	92
98	28	8
98	29	96
98	30	67
98	31	11
98	32	38
98	33	73
98	34	1
98	35	28
98	36	80
98	37	72
98	38	14
98	39	85
98	40	71
98	41	82
98	42	33
98	43	38
98	44	45
98	45	20
98	46	5
98	47	28
98	48	96
98	49	88
98	50	75
98	51	40
98	52	80
98	53	22
98	54	43
98	55	9
98	56	56
98	57	69
98	58	91
98	59	47
98	60	26
98	61	80
98	62	92
98	63	79
98	64	32
98	65	21
98	66	41
98	67	13
98	68	46
98	69	20
98	70	81
98	71	45
98	72	24
98	73	1
98	74	71
98	75	24
98	76	60
98	77	16
98	78	24
98	79	71
98	80	48
98	81	26
98	82	9
98	83	92
98	84	77
98	85	55
98	86	91
98	87	84
98	88	17
98	89	7
98	90	60
98	91	56
98	92	73
98	93	73
98	94	73
98	95	37
98	96	49
98	97	20
99	0	69
99	1	20
99	2	17
99	3	12
99	4	10
99	5	82
99	6	13
99	7	2
99	8	8
99	9	46
99	10	97
99	11	14
99	12	78
99	13	41
99	14	61
99	15	15
99	16	29
99	17	77
99	18	82
99	19	23
99	20	72
99	21	73
99	22	5
99	23	44
99	24	90
99	25	85
99	26	36
99	27	28
99	28	28
99	29	19
99	30	80
99	31	91
99	32	56
99	33	23
99	34	10
99	35	8
99	36	76
99	37	18
99	38	51
99	39	91
99	40	33
99	41	56
99	42	28
99	43	90
99	44	41
99	45	15
99	46	77
99	47	70
99	48	1
99	49	94
99	50	89
99	51	67
99	52	72
99	53	63
99	54	97
99	55	13
99	56	44
99	57	89
99	58	68
99	59	1
99	60	4
99	61	85
99	62	89
99	63	88
99	64	70
99	65	31
99	66	8
99	67	81
99	68	10
99	69	39
99	70	44
99	71	51
99	72	64
99	73	16
99	74	28
99	75	10
99	76	54
99	77	82
99	78	63
99	79	94
99	80	27
99	81	86
99	82	37
99	83	2
99	84	21
99	85	86
99	86	57
99	87	92
99	88	96
99	89	10
99	90	56
99	91	13
99	92	78
99	93	68
99	94	13
99	95	92
99	96	6
99	97	67
99	98	27
99	98	90
