Population:

 edges count 4950
Population:

 edges count 4950
 ProcessorsNumber = 2
Before Proces with rank 1 send pop size200 and indSize = 100elements send 20000
 ProcessorsNumber = 2
Before Proces with rank 0 send pop size200 and indSize = 100elements send 20000
Proces with rank 0 recieved pop size 200 and indSize = 100
Population0:
Proces with rank 1 recieved pop size 200 and indSize = 100
Population1:
Najlepsze

46, 12, 44, 41, 79, 80, 89, 16, 97, 45, 93, 33, 66, 30, 51, 15, 9, 43, 28, 85, 55, 35, 78, 53, 57, 23, 99, 69, 3, 18, 31, 32, 54, 27, 37, 49, 74, 62, 34, 39, 10, 64, 82, 1, 76, 22, 70, 4, 65, 2, 59, 52, 58, 96, 47, 19, 0, 88, 73, 5, 42, 72, 61, 14, 92, 17, 63, 25, 60, 77, 81, 29, 90, 75, 67, 83, 38, 11, 87, 36, 13, 50, 98, 56, 86, 68, 40, 95, 71, 6, 24, 91, 26, 48, 21, 8, 20, 84, 94, 7, 
19, 67, 39, 22, 25, 46, 93, 96, 77, 79, 56, 91, 64, 62, 65, 95, 58, 42, 15, 40, 37, 48, 13, 78, 35, 69, 87, 76, 43, 17, 99, 44, 41, 86, 60, 49, 45, 24, 1, 20, 61, 70, 81, 53, 83, 26, 75, 14, 23, 85, 38, 8, 2, 66, 74, 47, 5, 27, 33, 29, 72, 97, 21, 32, 30, 18, 36, 28, 55, 52, 0, 90, 9, 7, 16, 4, 94, 57, 98, 34, 82, 88, 54, 84, 6, 3, 50, 63, 68, 10, 11, 89, 71, 80, 51, 31, 73, 59, 12, 92, 
 Najlepszy osobnik po scaleniu: 46->12->44->41->79->80->89->16->97->45->93->33->66->30->51->15->9->43->28->85->55->35->78->53->57->23->99->69->3->18->31->32->54->27->37->49->74->62->34->39->10->64->82->1->76->22->70->4->65->2->59->52->58->96->47->19->0->88->73->5->42->72->61->14->92->17->63->25->60->77->81->29->90->75->67->83->38->11->87->36->13->50->98->56->86->68->40->95->71->6->24->91->26->48->21->8->20->84->94->7

Dlugosc najlepszej sciezki: 4057

whole loop time 12067212
 ~map  ~map  ~map  ~map  ~map Population:

 edges count 4950
Population:

 edges count 4950
 ProcessorsNumber = 2
Before Proces with rank 0 send pop size200 and indSize = 100elements send 20000
Proces with rank 0 recieved pop size 200 and indSize = 100
Population0:
 ProcessorsNumber = 2
Before Proces with rank 1 send pop size200 and indSize = 100elements send 20000
Proces with rank 1 recieved pop size 200 and indSize = 100
Population1:
Najlepsze

50, 37, 12, 45, 82, 98, 73, 13, 47, 62, 56, 97, 79, 91, 86, 0, 15, 78, 99, 30, 84, 36, 89, 20, 90, 71, 17, 40, 2, 25, 49, 60, 83, 10, 7, 29, 24, 65, 74, 59, 34, 72, 32, 39, 11, 53, 52, 8, 28, 14, 35, 21, 76, 69, 23, 4, 9, 57, 64, 46, 68, 66, 33, 55, 63, 54, 93, 94, 88, 31, 70, 48, 42, 19, 41, 96, 5, 1, 95, 22, 16, 80, 85, 92, 75, 44, 77, 51, 58, 18, 67, 43, 27, 61, 6, 38, 3, 81, 26, 87, 
99, 59, 21, 83, 57, 9, 43, 68, 15, 81, 53, 69, 0, 36, 2, 91, 24, 46, 6, 77, 88, 79, 75, 11, 85, 3, 18, 65, 49, 62, 66, 29, 97, 82, 26, 40, 93, 45, 52, 37, 74, 7, 76, 39, 13, 30, 42, 27, 22, 63, 34, 41, 38, 28, 17, 86, 94, 56, 55, 90, 10, 20, 60, 1, 35, 32, 50, 89, 92, 47, 96, 25, 44, 5, 70, 87, 72, 12, 51, 8, 67, 4, 78, 98, 19, 33, 14, 73, 58, 16, 31, 80, 71, 61, 54, 48, 84, 95, 23, 64, 
 Najlepszy osobnik po scaleniu: 50->37->12->45->82->98->73->13->47->62->56->97->79->91->86->0->15->78->99->30->84->36->89->20->90->71->17->40->2->25->49->60->83->10->7->29->24->65->74->59->34->72->32->39->11->53->52->8->28->14->35->21->76->69->23->4->9->57->64->46->68->66->33->55->63->54->93->94->88->31->70->48->42->19->41->96->5->1->95->22->16->80->85->92->75->44->77->51->58->18->67->43->27->61->6->38->3->81->26->87

Dlugosc najlepszej sciezki: 4356

whole loop time 10240014
 ~map  ~map  ~map  ~map  ~map Population:

 edges count 4950
Population:

 edges count 4950
 ProcessorsNumber = 2
Before Proces with rank 0 send pop size200 and indSize = 100elements send 20000
Proces with rank 0 recieved pop size 200 and indSize = 100
Population0:
 ProcessorsNumber = 2
Before Proces with rank 1 send pop size200 and indSize = 100elements send 20000
Proces with rank 1 recieved pop size 200 and indSize = 100
Population1:
Najlepsze

0, 61, 13, 51, 33, 19, 72, 35, 94, 28, 44, 96, 99, 67, 29, 46, 54, 87, 3, 21, 73, 36, 32, 85, 84, 98, 90, 86, 77, 97, 31, 93, 41, 34, 66, 74, 49, 37, 8, 92, 27, 78, 42, 95, 7, 52, 83, 16, 10, 70, 89, 24, 88, 15, 2, 57, 1, 18, 91, 80, 63, 69, 45, 58, 68, 30, 56, 65, 47, 40, 75, 79, 53, 39, 26, 4, 17, 55, 14, 23, 82, 25, 5, 71, 50, 64, 6, 38, 43, 60, 12, 11, 81, 20, 59, 76, 9, 22, 62, 48, 
84, 64, 52, 29, 73, 47, 41, 15, 1, 42, 81, 66, 24, 30, 88, 37, 43, 69, 50, 95, 83, 61, 90, 75, 14, 46, 62, 7, 99, 78, 74, 11, 16, 59, 8, 28, 53, 76, 92, 39, 82, 13, 36, 34, 67, 5, 10, 3, 19, 12, 27, 80, 63, 2, 89, 85, 65, 21, 97, 18, 20, 71, 48, 91, 86, 77, 56, 26, 25, 54, 87, 35, 17, 98, 68, 55, 40, 58, 31, 6, 79, 0, 38, 60, 70, 23, 44, 22, 51, 93, 72, 94, 49, 9, 96, 45, 57, 32, 4, 33, 
 Najlepszy osobnik po scaleniu: 0->61->13->51->33->19->72->35->94->28->44->96->99->67->29->46->54->87->3->21->73->36->32->85->84->98->90->86->77->97->31->93->41->34->66->74->49->37->8->92->27->78->42->95->7->52->83->16->10->70->89->24->88->15->2->57->1->18->91->80->63->69->45->58->68->30->56->65->47->40->75->79->53->39->26->4->17->55->14->23->82->25->5->71->50->64->6->38->43->60->12->11->81->20->59->76->9->22->62->48

Dlugosc najlepszej sciezki: 4125

whole loop time 10389274
 ~map  ~map  ~map  ~map  ~map Population:

 edges count 4950
Population:

 edges count 4950
 ProcessorsNumber = 2
Before Proces with rank 1 send pop size200 and indSize = 100elements send 20000
Proces with rank 1 recieved pop size 200 and indSize = 100
Population1:
 ProcessorsNumber = 2
Before Proces with rank 0 send pop size200 and indSize = 100elements send 20000
Proces with rank 0 recieved pop size 200 and indSize = 100
Population0:
Najlepsze

5, 72, 81, 3, 90, 92, 84, 20, 13, 42, 44, 74, 89, 50, 38, 53, 83, 45, 11, 25, 36, 28, 82, 51, 31, 70, 66, 15, 69, 1, 91, 41, 79, 94, 12, 21, 49, 29, 98, 54, 2, 68, 47, 33, 99, 73, 35, 30, 16, 4, 40, 34, 60, 86, 48, 14, 37, 62, 80, 75, 7, 24, 39, 18, 78, 6, 26, 87, 97, 23, 10, 8, 57, 0, 58, 93, 63, 95, 59, 61, 9, 77, 27, 65, 88, 64, 43, 19, 17, 96, 32, 52, 22, 67, 56, 46, 55, 76, 71, 85, 
32, 91, 16, 38, 94, 78, 35, 39, 57, 74, 21, 67, 3, 41, 50, 99, 19, 13, 54, 43, 8, 2, 61, 34, 12, 85, 59, 0, 28, 6, 18, 81, 68, 22, 46, 51, 23, 26, 4, 97, 44, 40, 49, 37, 98, 89, 1, 93, 87, 69, 17, 63, 55, 72, 90, 47, 65, 62, 29, 24, 25, 83, 86, 15, 53, 92, 14, 11, 82, 95, 70, 77, 52, 73, 36, 42, 7, 45, 75, 76, 60, 88, 31, 9, 5, 96, 64, 84, 20, 58, 79, 71, 66, 30, 56, 48, 80, 33, 10, 27, 
 Najlepszy osobnik po scaleniu: 5->72->81->3->90->92->84->20->13->42->44->74->89->50->38->53->83->45->11->25->36->28->82->51->31->70->66->15->69->1->91->41->79->94->12->21->49->29->98->54->2->68->47->33->99->73->35->30->16->4->40->34->60->86->48->14->37->62->80->75->7->24->39->18->78->6->26->87->97->23->10->8->57->0->58->93->63->95->59->61->9->77->27->65->88->64->43->19->17->96->32->52->22->67->56->46->55->76->71->85

Dlugosc najlepszej sciezki: 4079

whole loop time 10118129
 ~map  ~map  ~map  ~map  ~map Population:

 edges count 4950
Population:

 edges count 4950
 ProcessorsNumber = 2
Before Proces with rank 1 send pop size200 and indSize = 100elements send 20000
Proces with rank 1 recieved pop size 200 and indSize = 100
Population1:
 ProcessorsNumber = 2
Before Proces with rank 0 send pop size200 and indSize = 100elements send 20000
Proces with rank 0 recieved pop size 200 and indSize = 100
Population0:
Najlepsze

63, 76, 88, 5, 90, 69, 85, 96, 23, 68, 55, 25, 7, 60, 99, 2, 72, 0, 28, 97, 43, 56, 9, 30, 54, 70, 86, 37, 46, 13, 4, 29, 41, 49, 51, 39, 74, 73, 65, 50, 98, 3, 42, 36, 40, 11, 10, 31, 45, 19, 52, 44, 6, 67, 81, 84, 22, 38, 92, 17, 26, 59, 1, 12, 61, 82, 8, 93, 53, 47, 91, 57, 14, 78, 79, 58, 16, 94, 34, 64, 21, 24, 48, 66, 32, 89, 35, 33, 62, 27, 77, 20, 15, 18, 75, 83, 95, 80, 71, 87, 
31, 5, 37, 1, 70, 22, 76, 66, 0, 91, 38, 32, 7, 6, 47, 86, 44, 92, 68, 26, 15, 12, 81, 41, 45, 59, 78, 25, 50, 79, 4, 30, 20, 23, 43, 82, 34, 29, 55, 56, 87, 89, 46, 88, 11, 75, 39, 58, 69, 85, 73, 74, 18, 35, 36, 57, 77, 83, 48, 63, 42, 60, 49, 8, 53, 40, 64, 62, 17, 28, 98, 93, 2, 19, 71, 52, 95, 16, 84, 33, 21, 9, 10, 65, 13, 80, 14, 61, 94, 27, 24, 67, 51, 97, 72, 99, 3, 54, 90, 96, 
 Najlepszy osobnik po scaleniu: 63->76->88->5->90->69->85->96->23->68->55->25->7->60->99->2->72->0->28->97->43->56->9->30->54->70->86->37->46->13->4->29->41->49->51->39->74->73->65->50->98->3->42->36->40->11->10->31->45->19->52->44->6->67->81->84->22->38->92->17->26->59->1->12->61->82->8->93->53->47->91->57->14->78->79->58->16->94->34->64->21->24->48->66->32->89->35->33->62->27->77->20->15->18->75->83->95->80->71->87

Dlugosc najlepszej sciezki: 4477

whole loop time 10714524
 ~map  ~map  ~map  ~map  ~map Population:

 edges count 4950
Population:

 edges count 4950
 ProcessorsNumber = 2
Before Proces with rank 1 send pop size200 and indSize = 100elements send 20000
 ProcessorsNumber = 2
Before Proces with rank 0 send pop size200 and indSize = 100elements send 20000
Proces with rank 0 recieved pop size 200 and indSize = 100
Population0:
Proces with rank 1 recieved pop size 200 and indSize = 100
Population1:
Najlepsze

12, 35, 29, 66, 58, 59, 18, 27, 63, 0, 85, 30, 41, 75, 53, 57, 33, 34, 5, 74, 16, 7, 6, 73, 81, 48, 78, 68, 42, 21, 62, 67, 8, 14, 23, 24, 28, 77, 1, 61, 4, 92, 37, 2, 39, 55, 84, 54, 96, 94, 64, 86, 60, 17, 80, 93, 56, 71, 51, 44, 50, 91, 70, 49, 76, 83, 26, 40, 45, 15, 20, 32, 11, 47, 79, 72, 97, 87, 46, 98, 10, 36, 69, 31, 89, 99, 22, 13, 43, 9, 82, 38, 88, 90, 25, 52, 95, 3, 65, 19, 
0, 59, 5, 36, 44, 32, 16, 43, 19, 72, 50, 77, 4, 56, 94, 96, 90, 14, 37, 76, 7, 12, 78, 58, 31, 97, 87, 63, 66, 54, 42, 25, 52, 9, 17, 29, 89, 26, 73, 10, 27, 39, 70, 62, 3, 51, 2, 75, 1, 41, 81, 8, 99, 28, 46, 64, 15, 30, 83, 11, 33, 74, 21, 80, 92, 23, 53, 48, 34, 49, 55, 68, 88, 86, 35, 85, 69, 47, 98, 40, 79, 67, 65, 20, 24, 6, 38, 22, 82, 61, 18, 45, 71, 84, 91, 57, 13, 60, 93, 95, 
 Najlepszy osobnik po scaleniu: 12->35->29->66->58->59->18->27->63->0->85->30->41->75->53->57->33->34->5->74->16->7->6->73->81->48->78->68->42->21->62->67->8->14->23->24->28->77->1->61->4->92->37->2->39->55->84->54->96->94->64->86->60->17->80->93->56->71->51->44->50->91->70->49->76->83->26->40->45->15->20->32->11->47->79->72->97->87->46->98->10->36->69->31->89->99->22->13->43->9->82->38->88->90->25->52->95->3->65->19

Dlugosc najlepszej sciezki: 4116

whole loop time 9819530
 ~map  ~map  ~map  ~map  ~map Population:

 edges count 4950
Population:

 edges count 4950
 ProcessorsNumber = 2
Before Proces with rank 0 send pop size200 and indSize = 100elements send 20000
Proces with rank 0 recieved pop size 200 and indSize = 100
Population0:
 ProcessorsNumber = 2
Before Proces with rank 1 send pop size200 and indSize = 100elements send 20000
Proces with rank 1 recieved pop size 200 and indSize = 100
Population1:
Najlepsze

23, 77, 16, 1, 59, 69, 37, 52, 30, 34, 61, 66, 96, 40, 62, 28, 45, 31, 13, 48, 47, 79, 51, 29, 44, 53, 4, 73, 91, 27, 89, 65, 20, 78, 24, 86, 0, 32, 97, 42, 72, 80, 41, 50, 75, 98, 88, 25, 76, 7, 83, 92, 74, 81, 17, 93, 60, 70, 43, 85, 8, 63, 10, 22, 99, 39, 68, 19, 15, 26, 67, 54, 58, 46, 5, 9, 6, 12, 55, 82, 38, 11, 56, 14, 71, 95, 3, 18, 33, 94, 84, 21, 2, 87, 36, 64, 35, 49, 90, 57, 
59, 83, 8, 31, 76, 30, 37, 77, 69, 39, 1, 86, 43, 26, 67, 60, 89, 27, 65, 70, 34, 98, 99, 4, 11, 62, 14, 94, 45, 47, 19, 56, 33, 81, 46, 97, 42, 61, 72, 49, 63, 40, 20, 7, 25, 95, 3, 71, 51, 22, 15, 90, 10, 23, 53, 29, 74, 12, 0, 16, 5, 28, 75, 85, 9, 57, 32, 73, 41, 52, 92, 6, 36, 17, 93, 2, 58, 48, 18, 13, 80, 44, 96, 68, 55, 82, 38, 84, 78, 24, 21, 88, 54, 50, 79, 64, 91, 87, 66, 35, 
 Najlepszy osobnik po scaleniu: 23->77->16->1->59->69->37->52->30->34->61->66->96->40->62->28->45->31->13->48->47->79->51->29->44->53->4->73->91->27->89->65->20->78->24->86->0->32->97->42->72->80->41->50->75->98->88->25->76->7->83->92->74->81->17->93->60->70->43->85->8->63->10->22->99->39->68->19->15->26->67->54->58->46->5->9->6->12->55->82->38->11->56->14->71->95->3->18->33->94->84->21->2->87->36->64->35->49->90->57

Dlugosc najlepszej sciezki: 4262

whole loop time 10242613
 ~map  ~map  ~map  ~map  ~map Population:

 edges count 4950
Population:

 edges count 4950
 ProcessorsNumber = 2
Before Proces with rank 1 send pop size200 and indSize = 100elements send 20000
Proces with rank 1 recieved pop size 200 and indSize = 100
Population1:
 ProcessorsNumber = 2
Before Proces with rank 0 send pop size200 and indSize = 100elements send 20000
Proces with rank 0 recieved pop size 200 and indSize = 100
Population0:
Najlepsze

34, 98, 47, 87, 4, 62, 25, 51, 85, 82, 68, 6, 27, 40, 74, 7, 75, 46, 76, 93, 1, 38, 8, 72, 64, 21, 36, 3, 97, 67, 78, 43, 95, 55, 69, 41, 39, 13, 45, 60, 29, 57, 2, 19, 42, 73, 26, 70, 14, 91, 49, 80, 11, 35, 33, 32, 81, 22, 44, 61, 24, 88, 17, 66, 77, 31, 9, 92, 52, 28, 90, 65, 79, 15, 48, 16, 12, 63, 50, 99, 96, 54, 84, 20, 53, 23, 71, 30, 18, 86, 10, 83, 56, 58, 5, 0, 59, 94, 89, 37, 
46, 82, 83, 99, 1, 65, 25, 44, 28, 63, 26, 98, 78, 59, 61, 52, 27, 30, 3, 20, 10, 23, 12, 74, 71, 22, 94, 41, 17, 4, 95, 81, 11, 93, 69, 33, 51, 67, 29, 48, 38, 89, 2, 87, 72, 0, 49, 37, 43, 16, 5, 50, 45, 34, 31, 13, 42, 8, 19, 86, 60, 91, 68, 24, 77, 18, 96, 53, 76, 84, 14, 47, 90, 35, 39, 9, 55, 21, 97, 70, 66, 64, 32, 15, 58, 88, 73, 79, 54, 57, 92, 6, 36, 75, 7, 40, 80, 62, 85, 56, 
 Najlepszy osobnik po scaleniu: 34->98->47->87->4->62->25->51->85->82->68->6->27->40->74->7->75->46->76->93->1->38->8->72->64->21->36->3->97->67->78->43->95->55->69->41->39->13->45->60->29->57->2->19->42->73->26->70->14->91->49->80->11->35->33->32->81->22->44->61->24->88->17->66->77->31->9->92->52->28->90->65->79->15->48->16->12->63->50->99->96->54->84->20->53->23->71->30->18->86->10->83->56->58->5->0->59->94->89->37

Dlugosc najlepszej sciezki: 4249

whole loop time 11176345
 ~map  ~map  ~map  ~map  ~map Population:

 edges count 4950
Population:

 edges count 4950
 ProcessorsNumber = 2
Before Proces with rank 0 send pop size200 and indSize = 100elements send 20000
Proces with rank 0 recieved pop size 200 and indSize = 100
Population0:
 ProcessorsNumber = 2
Before Proces with rank 1 send pop size200 and indSize = 100elements send 20000
Proces with rank 1 recieved pop size 200 and indSize = 100
Population1:
Najlepsze

5, 61, 22, 94, 19, 52, 27, 48, 53, 32, 74, 42, 1, 69, 13, 12, 76, 95, 3, 31, 40, 47, 56, 62, 86, 6, 83, 36, 97, 64, 50, 17, 15, 16, 80, 18, 8, 38, 59, 30, 44, 96, 10, 65, 55, 98, 99, 7, 87, 58, 84, 4, 77, 78, 41, 92, 54, 63, 26, 21, 24, 75, 46, 67, 37, 29, 25, 81, 91, 88, 45, 43, 23, 34, 66, 89, 33, 28, 14, 93, 49, 35, 20, 85, 68, 2, 71, 73, 9, 79, 82, 72, 57, 60, 70, 39, 0, 90, 51, 11, 
86, 23, 76, 69, 75, 83, 65, 5, 20, 62, 49, 84, 57, 44, 35, 31, 27, 21, 89, 34, 82, 74, 64, 54, 96, 80, 98, 40, 18, 4, 95, 45, 43, 73, 16, 71, 90, 9, 39, 1, 37, 6, 22, 70, 15, 79, 46, 55, 52, 93, 78, 87, 36, 29, 13, 2, 48, 91, 25, 92, 7, 10, 66, 58, 3, 61, 85, 51, 32, 14, 42, 68, 47, 99, 56, 17, 97, 59, 0, 12, 24, 41, 33, 53, 11, 30, 60, 19, 72, 94, 8, 77, 38, 28, 50, 26, 88, 63, 81, 67, 
 Najlepszy osobnik po scaleniu: 5->61->22->94->19->52->27->48->53->32->74->42->1->69->13->12->76->95->3->31->40->47->56->62->86->6->83->36->97->64->50->17->15->16->80->18->8->38->59->30->44->96->10->65->55->98->99->7->87->58->84->4->77->78->41->92->54->63->26->21->24->75->46->67->37->29->25->81->91->88->45->43->23->34->66->89->33->28->14->93->49->35->20->85->68->2->71->73->9->79->82->72->57->60->70->39->0->90->51->11

Dlugosc najlepszej sciezki: 4367

whole loop time 10987137
 ~map  ~map  ~map  ~map  ~map Population:

 edges count 4950
Population:

 edges count 4950
 ProcessorsNumber = 2
Before Proces with rank 0 send pop size200 and indSize = 100elements send 20000
 ProcessorsNumber = 2
Before Proces with rank 1 send pop size200 and indSize = 100elements send 20000
Proces with rank 1 recieved pop size 200 and indSize = 100
Population1:
Proces with rank 0 recieved pop size 200 and indSize = 100
Population0:
Najlepsze

79, 42, 89, 30, 95, 8, 10, 62, 32, 45, 99, 73, 70, 57, 77, 34, 26, 60, 17, 12, 50, 51, 64, 3, 23, 29, 83, 21, 43, 6, 4, 88, 20, 71, 35, 84, 91, 93, 40, 80, 11, 81, 14, 68, 27, 5, 48, 54, 49, 61, 78, 63, 38, 87, 92, 9, 16, 15, 37, 33, 24, 56, 0, 28, 65, 44, 22, 82, 85, 18, 59, 96, 90, 58, 74, 76, 75, 66, 13, 46, 36, 19, 69, 1, 97, 86, 67, 52, 31, 39, 98, 53, 2, 41, 72, 7, 47, 94, 25, 55, 
41, 92, 39, 31, 89, 40, 7, 43, 51, 87, 84, 0, 15, 82, 48, 79, 22, 37, 46, 53, 19, 93, 11, 73, 90, 72, 96, 26, 13, 33, 3, 86, 24, 54, 18, 8, 59, 97, 81, 66, 80, 98, 85, 6, 27, 23, 5, 50, 44, 35, 32, 45, 47, 91, 38, 4, 77, 60, 58, 55, 61, 17, 62, 49, 64, 16, 78, 88, 42, 28, 12, 29, 21, 75, 14, 2, 68, 56, 52, 65, 70, 95, 63, 76, 74, 36, 99, 69, 10, 1, 67, 83, 9, 34, 20, 94, 25, 57, 30, 71, 
 Najlepszy osobnik po scaleniu: 79->42->89->30->95->8->10->62->32->45->99->73->70->57->77->34->26->60->17->12->50->51->64->3->23->29->83->21->43->6->4->88->20->71->35->84->91->93->40->80->11->81->14->68->27->5->48->54->49->61->78->63->38->87->92->9->16->15->37->33->24->56->0->28->65->44->22->82->85->18->59->96->90->58->74->76->75->66->13->46->36->19->69->1->97->86->67->52->31->39->98->53->2->41->72->7->47->94->25->55

Dlugosc najlepszej sciezki: 4203

whole loop time 13897120
 ~map  ~map  ~map  ~map  ~map 