Population:

 edges count 4950
 ProcessorsNumber = 1
Before Proces with rank 0 send pop size400 and indSize = 100elements send 40000
Proces with rank 0 recieved pop size 400 and indSize = 100
Population0:
Najlepsze

93, 53, 41, 74, 11, 81, 84, 59, 40, 76, 92, 86, 27, 91, 35, 17, 95, 21, 75, 60, 61, 6, 14, 20, 42, 5, 15, 62, 94, 28, 82, 54, 47, 97, 88, 73, 24, 25, 79, 22, 3, 34, 69, 51, 96, 16, 9, 32, 45, 99, 83, 37, 12, 43, 26, 77, 65, 49, 38, 72, 50, 85, 67, 90, 80, 18, 4, 89, 44, 31, 46, 78, 1, 52, 64, 39, 33, 58, 48, 70, 29, 66, 98, 7, 87, 68, 71, 36, 30, 10, 57, 0, 63, 23, 19, 2, 55, 56, 13, 8, 
 Najlepszy osobnik po scaleniu: 93->53->41->74->11->81->84->59->40->76->92->86->27->91->35->17->95->21->75->60->61->6->14->20->42->5->15->62->94->28->82->54->47->97->88->73->24->25->79->22->3->34->69->51->96->16->9->32->45->99->83->37->12->43->26->77->65->49->38->72->50->85->67->90->80->18->4->89->44->31->46->78->1->52->64->39->33->58->48->70->29->66->98->7->87->68->71->36->30->10->57->0->63->23->19->2->55->56->13->8

Dlugosc najlepszej sciezki: 4118

whole loop time 22624731
 ~map  ~map  ~map Population:

 edges count 4950
 ProcessorsNumber = 1
Before Proces with rank 0 send pop size400 and indSize = 100elements send 40000
Proces with rank 0 recieved pop size 400 and indSize = 100
Population0:
Najlepsze

92, 10, 15, 38, 76, 62, 4, 37, 49, 16, 98, 74, 70, 17, 78, 34, 94, 20, 51, 24, 29, 18, 90, 46, 31, 82, 52, 41, 28, 30, 27, 32, 12, 99, 25, 35, 72, 97, 91, 33, 43, 55, 63, 96, 53, 73, 79, 23, 85, 2, 64, 40, 50, 58, 77, 83, 93, 80, 87, 81, 26, 19, 67, 3, 13, 9, 7, 36, 45, 5, 84, 6, 14, 42, 88, 22, 47, 11, 95, 89, 86, 0, 54, 61, 69, 39, 21, 48, 56, 65, 1, 57, 8, 68, 59, 71, 75, 66, 60, 44, 
 Najlepszy osobnik po scaleniu: 92->10->15->38->76->62->4->37->49->16->98->74->70->17->78->34->94->20->51->24->29->18->90->46->31->82->52->41->28->30->27->32->12->99->25->35->72->97->91->33->43->55->63->96->53->73->79->23->85->2->64->40->50->58->77->83->93->80->87->81->26->19->67->3->13->9->7->36->45->5->84->6->14->42->88->22->47->11->95->89->86->0->54->61->69->39->21->48->56->65->1->57->8->68->59->71->75->66->60->44

Dlugosc najlepszej sciezki: 4333

whole loop time 21830350
 ~map  ~map  ~map Population:

 edges count 4950
 ProcessorsNumber = 1
Before Proces with rank 0 send pop size400 and indSize = 100elements send 40000
Proces with rank 0 recieved pop size 400 and indSize = 100
Population0:
Najlepsze

12, 22, 37, 69, 49, 26, 25, 13, 42, 85, 56, 46, 60, 61, 74, 79, 84, 36, 66, 80, 91, 34, 93, 17, 51, 27, 41, 63, 30, 44, 96, 23, 97, 50, 78, 59, 58, 95, 87, 73, 1, 75, 38, 98, 67, 70, 11, 15, 99, 94, 52, 47, 7, 68, 45, 54, 8, 88, 64, 29, 62, 5, 9, 31, 14, 81, 10, 3, 89, 39, 24, 40, 33, 28, 21, 6, 72, 0, 18, 92, 82, 76, 77, 2, 19, 53, 20, 16, 48, 90, 55, 86, 35, 43, 4, 32, 71, 65, 57, 83, 
 Najlepszy osobnik po scaleniu: 12->22->37->69->49->26->25->13->42->85->56->46->60->61->74->79->84->36->66->80->91->34->93->17->51->27->41->63->30->44->96->23->97->50->78->59->58->95->87->73->1->75->38->98->67->70->11->15->99->94->52->47->7->68->45->54->8->88->64->29->62->5->9->31->14->81->10->3->89->39->24->40->33->28->21->6->72->0->18->92->82->76->77->2->19->53->20->16->48->90->55->86->35->43->4->32->71->65->57->83

Dlugosc najlepszej sciezki: 4168

whole loop time 23123401
 ~map  ~map  ~map Population:

 edges count 4950
 ProcessorsNumber = 1
Before Proces with rank 0 send pop size400 and indSize = 100elements send 40000
Proces with rank 0 recieved pop size 400 and indSize = 100
Population0:
Najlepsze

25, 91, 43, 41, 12, 23, 58, 42, 51, 29, 33, 67, 97, 81, 88, 32, 93, 74, 17, 86, 40, 64, 84, 34, 94, 18, 24, 1, 6, 14, 85, 31, 50, 10, 49, 68, 79, 53, 76, 26, 83, 38, 11, 47, 75, 77, 2, 71, 92, 65, 48, 16, 5, 19, 60, 15, 99, 61, 46, 27, 39, 66, 89, 70, 36, 7, 28, 3, 96, 9, 95, 44, 4, 63, 69, 8, 78, 57, 72, 87, 45, 0, 54, 52, 13, 30, 22, 20, 35, 56, 62, 73, 55, 90, 98, 82, 37, 80, 59, 21, 
 Najlepszy osobnik po scaleniu: 25->91->43->41->12->23->58->42->51->29->33->67->97->81->88->32->93->74->17->86->40->64->84->34->94->18->24->1->6->14->85->31->50->10->49->68->79->53->76->26->83->38->11->47->75->77->2->71->92->65->48->16->5->19->60->15->99->61->46->27->39->66->89->70->36->7->28->3->96->9->95->44->4->63->69->8->78->57->72->87->45->0->54->52->13->30->22->20->35->56->62->73->55->90->98->82->37->80->59->21

Dlugosc najlepszej sciezki: 4283

whole loop time 22933185
 ~map  ~map  ~map Population:

 edges count 4950
 ProcessorsNumber = 1
Before Proces with rank 0 send pop size400 and indSize = 100elements send 40000
Proces with rank 0 recieved pop size 400 and indSize = 100
Population0:
Najlepsze

20, 23, 65, 42, 96, 35, 62, 14, 26, 6, 50, 90, 88, 45, 13, 30, 60, 10, 56, 58, 4, 7, 43, 32, 38, 11, 1, 92, 27, 55, 94, 80, 12, 87, 33, 98, 74, 9, 37, 5, 70, 72, 76, 95, 64, 39, 61, 29, 85, 81, 79, 71, 59, 22, 40, 52, 83, 99, 0, 66, 73, 24, 69, 93, 18, 77, 91, 21, 34, 36, 89, 54, 78, 15, 49, 25, 47, 68, 31, 97, 82, 46, 19, 84, 67, 16, 41, 86, 8, 51, 28, 53, 63, 48, 2, 17, 75, 57, 44, 3, 
 Najlepszy osobnik po scaleniu: 20->23->65->42->96->35->62->14->26->6->50->90->88->45->13->30->60->10->56->58->4->7->43->32->38->11->1->92->27->55->94->80->12->87->33->98->74->9->37->5->70->72->76->95->64->39->61->29->85->81->79->71->59->22->40->52->83->99->0->66->73->24->69->93->18->77->91->21->34->36->89->54->78->15->49->25->47->68->31->97->82->46->19->84->67->16->41->86->8->51->28->53->63->48->2->17->75->57->44->3

Dlugosc najlepszej sciezki: 4132

whole loop time 23080481
 ~map  ~map  ~map Population:

 edges count 4950
 ProcessorsNumber = 1
Before Proces with rank 0 send pop size400 and indSize = 100elements send 40000
Proces with rank 0 recieved pop size 400 and indSize = 100
Population0:
Najlepsze

85, 35, 62, 31, 69, 7, 30, 17, 92, 75, 89, 48, 34, 56, 1, 27, 93, 54, 57, 11, 61, 39, 83, 79, 52, 14, 67, 63, 81, 68, 99, 21, 41, 86, 36, 19, 16, 26, 43, 50, 95, 20, 32, 28, 91, 97, 22, 73, 47, 18, 60, 24, 49, 10, 13, 4, 80, 59, 77, 76, 23, 45, 96, 88, 74, 65, 33, 8, 64, 51, 42, 40, 6, 38, 82, 15, 46, 98, 78, 70, 87, 3, 55, 44, 9, 90, 12, 72, 71, 2, 25, 37, 84, 94, 58, 0, 5, 53, 66, 29, 
 Najlepszy osobnik po scaleniu: 85->35->62->31->69->7->30->17->92->75->89->48->34->56->1->27->93->54->57->11->61->39->83->79->52->14->67->63->81->68->99->21->41->86->36->19->16->26->43->50->95->20->32->28->91->97->22->73->47->18->60->24->49->10->13->4->80->59->77->76->23->45->96->88->74->65->33->8->64->51->42->40->6->38->82->15->46->98->78->70->87->3->55->44->9->90->12->72->71->2->25->37->84->94->58->0->5->53->66->29

Dlugosc najlepszej sciezki: 4154

whole loop time 22578155
 ~map  ~map  ~map Population:

 edges count 4950
 ProcessorsNumber = 1
Before Proces with rank 0 send pop size400 and indSize = 100elements send 40000
Proces with rank 0 recieved pop size 400 and indSize = 100
Population0:
Najlepsze

70, 15, 80, 23, 43, 27, 68, 87, 26, 8, 88, 96, 97, 29, 22, 30, 39, 17, 3, 71, 92, 81, 31, 65, 98, 49, 61, 75, 24, 21, 36, 53, 91, 73, 6, 56, 20, 44, 99, 45, 89, 16, 37, 76, 47, 50, 14, 77, 90, 54, 48, 67, 35, 52, 2, 62, 84, 10, 42, 72, 1, 55, 74, 64, 41, 69, 57, 13, 82, 32, 59, 0, 86, 5, 19, 9, 78, 38, 33, 25, 79, 94, 93, 18, 63, 7, 60, 4, 46, 28, 66, 12, 11, 40, 58, 85, 95, 34, 83, 51, 
 Najlepszy osobnik po scaleniu: 70->15->80->23->43->27->68->87->26->8->88->96->97->29->22->30->39->17->3->71->92->81->31->65->98->49->61->75->24->21->36->53->91->73->6->56->20->44->99->45->89->16->37->76->47->50->14->77->90->54->48->67->35->52->2->62->84->10->42->72->1->55->74->64->41->69->57->13->82->32->59->0->86->5->19->9->78->38->33->25->79->94->93->18->63->7->60->4->46->28->66->12->11->40->58->85->95->34->83->51

Dlugosc najlepszej sciezki: 4404

whole loop time 22370636
 ~map  ~map  ~map Population:

 edges count 4950
 ProcessorsNumber = 1
Before Proces with rank 0 send pop size400 and indSize = 100elements send 40000
Proces with rank 0 recieved pop size 400 and indSize = 100
Population0:
Najlepsze

69, 48, 43, 56, 62, 89, 31, 66, 36, 9, 71, 37, 29, 59, 72, 63, 28, 25, 45, 67, 30, 50, 42, 60, 20, 27, 70, 16, 23, 78, 53, 10, 88, 77, 14, 52, 49, 44, 3, 68, 80, 98, 81, 76, 39, 83, 95, 0, 33, 51, 55, 57, 86, 99, 82, 11, 61, 21, 65, 26, 47, 40, 74, 24, 92, 34, 4, 87, 96, 8, 64, 38, 32, 13, 41, 75, 7, 2, 46, 5, 12, 85, 84, 93, 94, 73, 6, 35, 17, 22, 58, 97, 15, 1, 91, 79, 19, 90, 54, 18, 
 Najlepszy osobnik po scaleniu: 69->48->43->56->62->89->31->66->36->9->71->37->29->59->72->63->28->25->45->67->30->50->42->60->20->27->70->16->23->78->53->10->88->77->14->52->49->44->3->68->80->98->81->76->39->83->95->0->33->51->55->57->86->99->82->11->61->21->65->26->47->40->74->24->92->34->4->87->96->8->64->38->32->13->41->75->7->2->46->5->12->85->84->93->94->73->6->35->17->22->58->97->15->1->91->79->19->90->54->18

Dlugosc najlepszej sciezki: 4101

whole loop time 23490334
 ~map  ~map  ~map Population:

 edges count 4950
 ProcessorsNumber = 1
Before Proces with rank 0 send pop size400 and indSize = 100elements send 40000
Proces with rank 0 recieved pop size 400 and indSize = 100
Population0:
Najlepsze

33, 49, 71, 43, 21, 6, 86, 12, 56, 14, 37, 5, 19, 3, 38, 35, 59, 36, 58, 41, 78, 51, 8, 68, 80, 34, 63, 31, 97, 44, 93, 62, 9, 99, 22, 2, 11, 83, 15, 20, 69, 67, 24, 60, 61, 52, 87, 96, 90, 66, 28, 94, 91, 25, 23, 55, 7, 53, 26, 98, 72, 76, 92, 46, 4, 74, 88, 40, 10, 47, 27, 0, 13, 84, 17, 48, 81, 18, 89, 65, 42, 45, 70, 16, 95, 39, 29, 1, 82, 85, 32, 75, 73, 54, 30, 57, 77, 50, 79, 64, 
 Najlepszy osobnik po scaleniu: 33->49->71->43->21->6->86->12->56->14->37->5->19->3->38->35->59->36->58->41->78->51->8->68->80->34->63->31->97->44->93->62->9->99->22->2->11->83->15->20->69->67->24->60->61->52->87->96->90->66->28->94->91->25->23->55->7->53->26->98->72->76->92->46->4->74->88->40->10->47->27->0->13->84->17->48->81->18->89->65->42->45->70->16->95->39->29->1->82->85->32->75->73->54->30->57->77->50->79->64

Dlugosc najlepszej sciezki: 4312

whole loop time 21816466
 ~map  ~map  ~map Population:

 edges count 4950
 ProcessorsNumber = 1
Before Proces with rank 0 send pop size400 and indSize = 100elements send 40000
Proces with rank 0 recieved pop size 400 and indSize = 100
Population0:
Najlepsze

19, 11, 12, 17, 87, 69, 3, 77, 75, 48, 59, 38, 72, 25, 40, 68, 71, 10, 55, 31, 74, 58, 95, 6, 52, 22, 13, 82, 5, 90, 85, 1, 46, 73, 84, 43, 0, 67, 35, 34, 86, 63, 92, 21, 7, 91, 33, 23, 45, 64, 44, 65, 16, 36, 8, 61, 62, 42, 15, 89, 99, 66, 96, 53, 97, 20, 47, 18, 70, 29, 94, 81, 39, 80, 79, 27, 14, 51, 57, 56, 98, 4, 9, 88, 49, 76, 2, 26, 32, 37, 83, 41, 30, 50, 93, 78, 28, 24, 54, 60, 
 Najlepszy osobnik po scaleniu: 19->11->12->17->87->69->3->77->75->48->59->38->72->25->40->68->71->10->55->31->74->58->95->6->52->22->13->82->5->90->85->1->46->73->84->43->0->67->35->34->86->63->92->21->7->91->33->23->45->64->44->65->16->36->8->61->62->42->15->89->99->66->96->53->97->20->47->18->70->29->94->81->39->80->79->27->14->51->57->56->98->4->9->88->49->76->2->26->32->37->83->41->30->50->93->78->28->24->54->60

Dlugosc najlepszej sciezki: 4173

whole loop time 22989334
 ~map  ~map  ~map 