Population:

Population:

 edges count 4950
 edges count 4950
Population:

 edges count 4950
Population:

 edges count 4950
 ProcessorsNumber = 4
Before Proces with rank 3 send pop size100 and indSize = 100elements send 10000
Proces with rank 3 recieved pop size 100 and indSize = 100
Population3:
 ProcessorsNumber = 4
Before Proces with rank 1 send pop size100 and indSize = 100elements send 10000
Proces with rank 1 recieved pop size 100 and indSize = 100
Population1:
 ProcessorsNumber = 4
Before Proces with rank 0 send pop size100 and indSize = 100elements send 10000
Proces with rank 0 recieved pop size 100 and indSize = 100
Population0:
 ProcessorsNumber = 4
Before Proces with rank 2 send pop size100 and indSize = 100elements send 10000
Proces with rank 2 recieved pop size 100 and indSize = 100
Population2:
Najlepsze

53, 98, 97, 37, 10, 34, 9, 89, 22, 8, 77, 76, 92, 20, 86, 24, 54, 94, 2, 41, 16, 50, 70, 67, 40, 79, 47, 72, 99, 51, 90, 71, 91, 64, 62, 66, 55, 75, 82, 59, 61, 85, 3, 68, 36, 43, 83, 44, 26, 4, 7, 57, 81, 58, 15, 0, 63, 96, 74, 6, 93, 56, 11, 52, 1, 84, 12, 46, 48, 30, 21, 19, 33, 95, 17, 27, 31, 35, 49, 23, 88, 25, 28, 38, 5, 87, 65, 69, 78, 32, 13, 39, 29, 80, 42, 14, 18, 73, 60, 45, 
20, 38, 30, 39, 22, 11, 26, 86, 55, 10, 73, 42, 54, 53, 35, 70, 94, 4, 92, 78, 97, 72, 89, 63, 15, 1, 77, 88, 52, 90, 93, 28, 7, 40, 3, 48, 65, 12, 96, 82, 81, 32, 27, 76, 29, 91, 36, 43, 67, 41, 80, 49, 58, 85, 9, 75, 74, 45, 79, 34, 98, 66, 46, 19, 31, 47, 61, 64, 14, 56, 2, 57, 68, 23, 83, 60, 24, 18, 50, 59, 95, 44, 5, 99, 33, 21, 37, 25, 16, 84, 51, 6, 71, 13, 87, 69, 8, 0, 17, 62, 
81, 23, 19, 29, 33, 6, 38, 7, 26, 88, 98, 21, 45, 72, 69, 93, 12, 22, 61, 30, 84, 62, 4, 15, 83, 10, 71, 86, 64, 39, 2, 89, 25, 73, 65, 57, 11, 49, 35, 18, 47, 85, 67, 5, 99, 74, 28, 36, 55, 75, 41, 13, 66, 9, 68, 56, 80, 16, 87, 43, 82, 44, 32, 78, 17, 95, 34, 97, 52, 53, 94, 54, 77, 46, 31, 92, 60, 79, 90, 96, 42, 0, 24, 1, 58, 51, 14, 59, 37, 50, 91, 63, 70, 27, 76, 40, 3, 48, 20, 8, 
73, 85, 14, 40, 55, 88, 38, 89, 67, 53, 79, 49, 3, 84, 32, 10, 71, 62, 87, 41, 99, 91, 15, 97, 31, 35, 66, 94, 1, 25, 5, 21, 4, 60, 2, 17, 78, 42, 26, 68, 65, 19, 58, 76, 37, 48, 61, 80, 86, 82, 39, 69, 95, 34, 98, 74, 7, 8, 23, 70, 52, 45, 59, 16, 27, 90, 33, 47, 30, 56, 36, 75, 20, 28, 93, 6, 81, 12, 46, 63, 96, 29, 77, 83, 44, 92, 54, 22, 72, 43, 18, 51, 57, 11, 24, 64, 13, 0, 9, 50, 
 Najlepszy osobnik po scaleniu: 53->98->97->37->10->34->9->89->22->8->77->76->92->20->86->24->54->94->2->41->16->50->70->67->40->79->47->72->99->51->90->71->91->64->62->66->55->75->82->59->61->85->3->68->36->43->83->44->26->4->7->57->81->58->15->0->63->96->74->6->93->56->11->52->1->84->12->46->48->30->21->19->33->95->17->27->31->35->49->23->88->25->28->38->5->87->65->69->78->32->13->39->29->80->42->14->18->73->60->45

Dlugosc najlepszej sciezki: 4443

whole loop time 5438409
 ~map  ~map  ~map  ~map  ~map  ~map  ~map  ~map  ~map Population:

 edges count 4950
Population:

 edges count 4950
Population:

 edges count 4950
Population:

 edges count 4950
 ProcessorsNumber = 4
Before Proces with rank 1 send pop size100 and indSize = 100elements send 10000
 ProcessorsNumber = 4
Before Proces with rank 3 send pop size100 and indSize = 100elements send 10000
Proces with rank 3 recieved pop size 100 and indSize = 100
Population3:
 ProcessorsNumber = 4
Before Proces with rank 2 send pop size100 and indSize = 100elements send 10000
Proces with rank 2 recieved pop size 100 and indSize = 100
Population2:
Proces with rank 1 recieved pop size 100 and indSize = 100
Population1:
 ProcessorsNumber = 4
Before Proces with rank 0 send pop size100 and indSize = 100elements send 10000
Proces with rank 0 recieved pop size 100 and indSize = 100
Population0:
Najlepsze

23, 97, 69, 3, 37, 4, 32, 84, 88, 2, 45, 40, 26, 85, 58, 86, 82, 27, 59, 29, 6, 71, 47, 78, 14, 54, 35, 52, 17, 8, 81, 66, 50, 75, 1, 44, 96, 33, 89, 53, 39, 74, 21, 10, 22, 91, 0, 16, 87, 98, 9, 34, 70, 51, 38, 80, 57, 63, 65, 7, 62, 77, 79, 19, 73, 68, 43, 11, 55, 90, 42, 25, 36, 5, 12, 72, 94, 92, 95, 61, 64, 28, 31, 56, 46, 20, 18, 41, 60, 24, 48, 76, 15, 49, 99, 93, 83, 67, 13, 30, 
45, 6, 64, 96, 40, 44, 59, 31, 60, 87, 70, 53, 89, 92, 35, 61, 85, 86, 29, 63, 46, 52, 51, 37, 1, 91, 90, 22, 75, 68, 3, 5, 14, 43, 20, 66, 99, 48, 78, 65, 25, 77, 13, 72, 2, 98, 55, 94, 73, 82, 81, 34, 4, 57, 56, 62, 58, 27, 23, 93, 74, 49, 21, 95, 0, 32, 50, 47, 19, 36, 12, 69, 30, 88, 24, 76, 33, 71, 38, 80, 41, 67, 9, 16, 18, 83, 39, 84, 11, 15, 10, 17, 54, 79, 7, 42, 8, 97, 26, 28, 
57, 24, 97, 63, 60, 65, 53, 35, 86, 89, 48, 67, 94, 66, 9, 46, 44, 10, 32, 43, 72, 31, 47, 81, 82, 38, 85, 23, 28, 84, 25, 61, 27, 69, 14, 40, 96, 34, 98, 45, 55, 2, 78, 51, 6, 90, 75, 29, 1, 11, 49, 30, 22, 19, 91, 80, 71, 12, 64, 13, 50, 7, 83, 76, 36, 3, 18, 15, 5, 62, 87, 74, 79, 73, 68, 41, 0, 26, 16, 20, 8, 33, 39, 95, 58, 21, 4, 42, 37, 77, 52, 92, 93, 99, 59, 17, 56, 54, 70, 88, 
75, 14, 41, 22, 13, 1, 47, 50, 3, 17, 12, 61, 51, 52, 43, 30, 67, 49, 60, 56, 94, 39, 26, 10, 53, 90, 96, 63, 55, 66, 9, 85, 89, 4, 62, 97, 65, 0, 57, 21, 24, 33, 78, 79, 36, 73, 82, 69, 28, 37, 18, 86, 29, 8, 25, 71, 31, 45, 92, 98, 91, 46, 2, 11, 83, 99, 48, 44, 38, 6, 19, 27, 54, 77, 58, 88, 59, 74, 34, 84, 81, 76, 32, 20, 95, 42, 40, 23, 15, 80, 68, 70, 35, 5, 7, 93, 72, 16, 87, 64, 
 Najlepszy osobnik po scaleniu: 23->97->69->3->37->4->32->84->88->2->45->40->26->85->58->86->82->27->59->29->6->71->47->78->14->54->35->52->17->8->81->66->50->75->1->44->96->33->89->53->39->74->21->10->22->91->0->16->87->98->9->34->70->51->38->80->57->63->65->7->62->77->79->19->73->68->43->11->55->90->42->25->36->5->12->72->94->92->95->61->64->28->31->56->46->20->18->41->60->24->48->76->15->49->99->93->83->67->13->30

Dlugosc najlepszej sciezki: 4303

whole loop time 5580838
 ~map  ~map  ~map  ~map  ~map  ~map  ~map  ~map  ~map Population:

 edges count 4950
Population:

 edges count 4950
Population:

 edges count 4950
Population:

 edges count 4950
 ProcessorsNumber = 4
Before Proces with rank 2 send pop size100 and indSize = 100elements send 10000
Proces with rank 2 recieved pop size 100 and indSize = 100
Population2:
 ProcessorsNumber = 4
Before Proces with rank 1 send pop size100 and indSize = 100elements send 10000
Proces with rank 1 recieved pop size 100 and indSize = 100
Population1:
 ProcessorsNumber = 4
Before Proces with rank 3 send pop size100 and indSize = 100elements send 10000
Proces with rank 3 recieved pop size 100 and indSize = 100
Population3:
 ProcessorsNumber = 4
Before Proces with rank 0 send pop size100 and indSize = 100elements send 10000
Proces with rank 0 recieved pop size 100 and indSize = 100
Population0:
Najlepsze

60, 51, 50, 67, 42, 17, 99, 22, 74, 89, 37, 78, 66, 86, 84, 12, 64, 92, 70, 54, 7, 23, 21, 56, 47, 71, 44, 68, 83, 52, 38, 31, 87, 72, 18, 3, 27, 39, 95, 73, 61, 40, 91, 96, 93, 55, 49, 69, 85, 4, 0, 81, 26, 36, 28, 53, 45, 80, 20, 32, 43, 13, 97, 76, 19, 29, 10, 82, 16, 6, 48, 33, 25, 2, 34, 24, 58, 63, 15, 35, 94, 90, 41, 77, 98, 65, 75, 8, 14, 79, 1, 62, 5, 11, 57, 9, 88, 46, 30, 59, 
35, 5, 33, 30, 28, 36, 38, 32, 81, 79, 31, 63, 61, 77, 40, 93, 60, 42, 7, 66, 29, 48, 1, 45, 20, 80, 39, 74, 70, 58, 15, 84, 54, 68, 26, 6, 85, 4, 52, 69, 9, 34, 12, 18, 22, 92, 99, 62, 3, 37, 11, 97, 55, 41, 87, 88, 2, 96, 27, 0, 82, 51, 25, 10, 90, 59, 83, 56, 46, 95, 47, 14, 19, 16, 89, 75, 49, 76, 64, 50, 67, 23, 13, 43, 78, 24, 86, 57, 8, 17, 65, 72, 53, 44, 73, 71, 91, 21, 98, 94, 
38, 56, 69, 28, 7, 63, 36, 29, 89, 53, 96, 64, 93, 48, 70, 32, 17, 30, 46, 44, 19, 5, 71, 98, 26, 92, 20, 91, 78, 50, 68, 8, 51, 73, 95, 34, 52, 4, 13, 67, 6, 45, 42, 77, 57, 72, 41, 86, 87, 3, 81, 88, 82, 23, 27, 43, 97, 40, 84, 35, 66, 99, 18, 16, 61, 21, 24, 47, 9, 90, 11, 12, 31, 0, 62, 75, 39, 55, 2, 22, 60, 94, 33, 65, 80, 49, 83, 1, 76, 74, 54, 58, 25, 59, 79, 10, 37, 14, 15, 85, 
30, 85, 32, 27, 99, 48, 86, 70, 16, 12, 18, 10, 65, 61, 5, 76, 87, 83, 6, 35, 81, 52, 50, 55, 33, 29, 91, 26, 40, 23, 1, 3, 80, 17, 60, 84, 8, 45, 43, 49, 21, 54, 0, 36, 92, 59, 63, 96, 56, 68, 77, 46, 25, 14, 74, 53, 28, 37, 7, 15, 13, 75, 31, 2, 11, 98, 58, 69, 82, 71, 22, 24, 78, 62, 20, 34, 93, 4, 42, 73, 72, 57, 90, 39, 9, 88, 19, 97, 79, 38, 51, 41, 89, 66, 64, 94, 95, 47, 44, 67, 
 Najlepszy osobnik po scaleniu: 60->51->50->67->42->17->99->22->74->89->37->78->66->86->84->12->64->92->70->54->7->23->21->56->47->71->44->68->83->52->38->31->87->72->18->3->27->39->95->73->61->40->91->96->93->55->49->69->85->4->0->81->26->36->28->53->45->80->20->32->43->13->97->76->19->29->10->82->16->6->48->33->25->2->34->24->58->63->15->35->94->90->41->77->98->65->75->8->14->79->1->62->5->11->57->9->88->46->30->59

Dlugosc najlepszej sciezki: 4243

whole loop time 5299326
 ~map  ~map  ~map  ~map  ~map  ~map  ~map  ~map  ~map Population:

 edges count 4950
Population:

 edges count 4950
Population:

 edges count 4950
Population:

 edges count 4950
 ProcessorsNumber = 4
Before Proces with rank 2 send pop size100 and indSize = 100elements send 10000
Proces with rank 2 recieved pop size 100 and indSize = 100
Population2:
 ProcessorsNumber = 4
Before Proces with rank 0 send pop size100 and indSize = 100elements send 10000
Proces with rank 0 recieved pop size 100 and indSize = 100
Population0:
 ProcessorsNumber = 4
Before Proces with rank 3 send pop size100 and indSize = 100elements send 10000
Proces with rank 3 recieved pop size 100 and indSize = 100
Population3:
 ProcessorsNumber = 4
Before Proces with rank 1 send pop size100 and indSize = 100elements send 10000
Proces with rank 1 recieved pop size 100 and indSize = 100
Population1:
Najlepsze

58, 39, 10, 95, 30, 28, 11, 8, 42, 40, 0, 68, 9, 85, 60, 98, 80, 71, 91, 55, 77, 46, 94, 19, 69, 45, 13, 16, 97, 63, 26, 29, 83, 2, 51, 64, 49, 43, 31, 59, 73, 89, 18, 32, 27, 7, 33, 5, 72, 87, 37, 79, 81, 21, 62, 86, 57, 67, 92, 70, 74, 47, 25, 54, 61, 66, 82, 84, 76, 3, 36, 17, 78, 1, 20, 41, 56, 88, 6, 48, 4, 90, 44, 22, 93, 14, 99, 65, 23, 24, 35, 96, 38, 52, 15, 34, 53, 12, 50, 75, 
49, 23, 81, 75, 78, 83, 86, 53, 0, 74, 85, 20, 16, 28, 5, 13, 61, 46, 38, 2, 94, 79, 47, 59, 97, 64, 89, 84, 37, 41, 43, 27, 4, 57, 96, 33, 51, 72, 21, 9, 80, 91, 70, 11, 63, 54, 68, 58, 93, 44, 45, 34, 7, 77, 31, 40, 67, 95, 26, 62, 66, 48, 87, 12, 92, 32, 18, 30, 88, 42, 29, 22, 90, 82, 17, 60, 35, 69, 50, 36, 19, 73, 3, 71, 56, 14, 65, 25, 6, 99, 76, 1, 55, 8, 98, 24, 39, 15, 52, 10, 
65, 79, 8, 69, 23, 9, 56, 52, 95, 47, 45, 16, 14, 84, 35, 53, 25, 41, 57, 91, 60, 10, 97, 31, 28, 46, 99, 70, 19, 58, 51, 13, 61, 77, 29, 2, 17, 81, 76, 40, 22, 38, 71, 64, 75, 32, 37, 96, 82, 6, 44, 67, 86, 24, 42, 27, 93, 98, 78, 33, 85, 43, 49, 18, 4, 3, 89, 50, 92, 90, 39, 73, 59, 72, 34, 36, 15, 88, 62, 63, 54, 21, 12, 80, 87, 48, 30, 1, 55, 68, 0, 7, 5, 26, 66, 83, 11, 74, 94, 20, 
87, 85, 89, 35, 54, 90, 77, 56, 21, 74, 53, 7, 94, 24, 83, 14, 65, 86, 26, 39, 29, 75, 95, 37, 22, 10, 13, 78, 11, 70, 5, 57, 27, 8, 60, 32, 15, 66, 43, 19, 79, 52, 46, 2, 34, 55, 82, 47, 16, 68, 33, 93, 80, 71, 31, 9, 36, 97, 98, 67, 84, 44, 50, 41, 3, 0, 91, 45, 1, 72, 42, 62, 92, 96, 58, 18, 40, 61, 51, 69, 4, 25, 28, 48, 99, 63, 17, 49, 38, 88, 76, 73, 30, 59, 20, 81, 6, 23, 12, 64, 
 Najlepszy osobnik po scaleniu: 58->39->10->95->30->28->11->8->42->40->0->68->9->85->60->98->80->71->91->55->77->46->94->19->69->45->13->16->97->63->26->29->83->2->51->64->49->43->31->59->73->89->18->32->27->7->33->5->72->87->37->79->81->21->62->86->57->67->92->70->74->47->25->54->61->66->82->84->76->3->36->17->78->1->20->41->56->88->6->48->4->90->44->22->93->14->99->65->23->24->35->96->38->52->15->34->53->12->50->75

Dlugosc najlepszej sciezki: 4412

whole loop time 6117204
 ~map  ~map  ~map  ~map  ~map  ~map  ~map  ~map  ~map Population:

 edges count 4950
Population:

 edges count 4950
Population:

 edges count 4950
Population:

 edges count 4950
 ProcessorsNumber = 4
Before Proces with rank 3 send pop size100 and indSize = 100elements send 10000
 ProcessorsNumber = 4
Before Proces with rank 1 send pop size100 and indSize = 100elements send 10000
Proces with rank 3 recieved pop size 100 and indSize = 100
Population3:
Proces with rank 1 recieved pop size 100 and indSize = 100
Population1:
 ProcessorsNumber = 4
Before Proces with rank 0 send pop size100 and indSize = 100elements send 10000
Proces with rank 0 recieved pop size 100 and indSize = 100
Population0:
 ProcessorsNumber = 4
Before Proces with rank 2 send pop size100 and indSize = 100elements send 10000
Proces with rank 2 recieved pop size 100 and indSize = 100
Population2:
Najlepsze

38, 95, 92, 23, 26, 15, 13, 47, 45, 27, 6, 2, 57, 12, 46, 44, 87, 33, 34, 37, 80, 56, 96, 1, 55, 53, 14, 48, 11, 90, 54, 91, 42, 4, 3, 18, 63, 75, 59, 24, 19, 99, 58, 9, 72, 77, 20, 66, 65, 82, 93, 88, 79, 41, 61, 7, 86, 5, 31, 16, 89, 83, 60, 25, 8, 94, 84, 0, 64, 21, 69, 40, 29, 50, 78, 62, 85, 32, 71, 17, 36, 74, 30, 39, 49, 28, 97, 76, 98, 68, 70, 22, 67, 10, 43, 73, 51, 52, 35, 81, 
82, 61, 67, 15, 41, 78, 66, 50, 24, 55, 44, 74, 38, 68, 0, 26, 58, 37, 7, 62, 88, 25, 45, 21, 30, 83, 16, 48, 56, 12, 84, 47, 8, 29, 92, 93, 99, 22, 14, 96, 63, 54, 75, 52, 91, 60, 72, 4, 85, 31, 98, 86, 9, 64, 57, 80, 28, 2, 23, 36, 70, 94, 3, 59, 32, 89, 13, 49, 33, 5, 19, 95, 35, 20, 27, 34, 77, 76, 71, 53, 81, 90, 87, 11, 40, 1, 42, 18, 46, 43, 65, 17, 51, 69, 10, 73, 79, 97, 39, 6, 
52, 61, 97, 59, 90, 94, 14, 75, 60, 89, 16, 15, 63, 36, 41, 10, 23, 34, 87, 7, 99, 78, 8, 2, 47, 50, 37, 92, 68, 35, 27, 46, 72, 67, 6, 57, 56, 48, 1, 26, 98, 70, 49, 9, 20, 96, 71, 62, 5, 84, 32, 22, 76, 29, 73, 38, 74, 88, 58, 42, 0, 64, 33, 17, 95, 79, 4, 25, 39, 65, 83, 30, 66, 44, 81, 11, 93, 91, 3, 54, 45, 18, 31, 13, 82, 40, 69, 43, 77, 86, 55, 24, 53, 51, 19, 80, 85, 12, 21, 28, 
19, 7, 95, 59, 77, 93, 47, 2, 36, 76, 9, 28, 71, 11, 54, 99, 53, 81, 97, 67, 98, 4, 20, 82, 14, 85, 78, 60, 79, 27, 75, 64, 39, 70, 23, 16, 18, 42, 17, 63, 48, 22, 31, 58, 65, 69, 10, 72, 1, 51, 61, 45, 86, 41, 5, 49, 50, 8, 40, 74, 55, 68, 73, 26, 56, 13, 43, 44, 62, 34, 94, 33, 29, 90, 83, 87, 6, 91, 21, 37, 92, 57, 89, 80, 15, 88, 35, 52, 96, 38, 46, 32, 3, 25, 24, 12, 0, 66, 30, 84, 
 Najlepszy osobnik po scaleniu: 38->95->92->23->26->15->13->47->45->27->6->2->57->12->46->44->87->33->34->37->80->56->96->1->55->53->14->48->11->90->54->91->42->4->3->18->63->75->59->24->19->99->58->9->72->77->20->66->65->82->93->88->79->41->61->7->86->5->31->16->89->83->60->25->8->94->84->0->64->21->69->40->29->50->78->62->85->32->71->17->36->74->30->39->49->28->97->76->98->68->70->22->67->10->43->73->51->52->35->81

Dlugosc najlepszej sciezki: 4401

whole loop time 4920118
 ~map  ~map  ~map  ~map  ~map  ~map  ~map  ~map  ~map Population:

 edges count 4950
Population:

 edges count 4950
Population:

 edges count 4950
Population:

 edges count 4950
 ProcessorsNumber = 4
Before Proces with rank 0 send pop size100 and indSize = 100elements send 10000
 ProcessorsNumber = 4
Before Proces with rank 2 send pop size100 and indSize = 100elements send 10000
Proces with rank 2 recieved pop size 100 and indSize = 100
Population2:
Proces with rank 0 recieved pop size 100 and indSize = 100
Population0:
 ProcessorsNumber = 4
Before Proces with rank 1 send pop size100 and indSize = 100elements send 10000
Proces with rank 1 recieved pop size 100 and indSize = 100
Population1:
 ProcessorsNumber = 4
Before Proces with rank 3 send pop size100 and indSize = 100elements send 10000
Proces with rank 3 recieved pop size 100 and indSize = 100
Population3:
Najlepsze

79, 41, 15, 59, 27, 34, 99, 80, 39, 50, 12, 61, 51, 32, 73, 78, 8, 94, 48, 46, 6, 90, 35, 84, 31, 63, 77, 28, 56, 26, 88, 96, 3, 40, 49, 75, 66, 24, 23, 30, 29, 85, 36, 37, 74, 1, 45, 70, 52, 57, 44, 98, 5, 47, 89, 67, 14, 11, 0, 71, 58, 33, 83, 25, 54, 60, 76, 13, 18, 10, 9, 19, 42, 64, 65, 53, 22, 91, 72, 2, 4, 20, 86, 95, 82, 16, 93, 69, 17, 55, 43, 97, 38, 87, 68, 81, 92, 7, 21, 62, 
79, 8, 29, 42, 76, 75, 73, 74, 10, 12, 82, 2, 36, 80, 27, 17, 40, 11, 66, 94, 78, 71, 25, 44, 67, 47, 19, 84, 53, 61, 5, 49, 62, 56, 13, 88, 22, 33, 81, 69, 64, 50, 4, 37, 90, 54, 52, 77, 28, 46, 92, 48, 41, 3, 68, 43, 65, 85, 95, 93, 20, 32, 1, 99, 15, 60, 23, 59, 24, 97, 96, 0, 34, 83, 72, 51, 18, 55, 30, 31, 6, 35, 16, 38, 63, 21, 57, 98, 89, 86, 58, 91, 45, 7, 9, 39, 70, 87, 26, 14, 
25, 34, 14, 27, 69, 39, 0, 6, 12, 58, 55, 94, 29, 17, 59, 97, 21, 83, 90, 36, 13, 67, 76, 47, 41, 72, 68, 45, 46, 50, 19, 37, 53, 24, 60, 65, 20, 84, 91, 95, 15, 78, 42, 30, 5, 79, 1, 99, 22, 38, 48, 57, 16, 61, 88, 74, 26, 3, 31, 62, 33, 75, 10, 2, 56, 51, 49, 77, 93, 23, 85, 70, 89, 92, 18, 43, 96, 66, 9, 98, 86, 7, 8, 63, 71, 35, 54, 87, 80, 40, 52, 81, 4, 82, 73, 64, 11, 44, 28, 32, 
62, 78, 77, 42, 68, 99, 3, 50, 81, 4, 34, 11, 30, 47, 6, 33, 55, 5, 83, 10, 90, 49, 44, 57, 72, 24, 21, 54, 73, 95, 39, 35, 64, 23, 92, 46, 19, 74, 36, 66, 85, 48, 7, 37, 88, 94, 82, 84, 93, 32, 91, 29, 0, 76, 22, 65, 38, 61, 2, 40, 98, 89, 27, 86, 13, 63, 18, 31, 1, 52, 96, 45, 56, 20, 43, 28, 58, 41, 14, 67, 60, 59, 51, 8, 87, 12, 79, 17, 70, 80, 9, 69, 53, 26, 15, 71, 97, 25, 16, 75, 
 Najlepszy osobnik po scaleniu: 79->41->15->59->27->34->99->80->39->50->12->61->51->32->73->78->8->94->48->46->6->90->35->84->31->63->77->28->56->26->88->96->3->40->49->75->66->24->23->30->29->85->36->37->74->1->45->70->52->57->44->98->5->47->89->67->14->11->0->71->58->33->83->25->54->60->76->13->18->10->9->19->42->64->65->53->22->91->72->2->4->20->86->95->82->16->93->69->17->55->43->97->38->87->68->81->92->7->21->62

Dlugosc najlepszej sciezki: 4308

whole loop time 6101893
 ~map  ~map  ~map  ~map  ~map  ~map  ~map  ~map  ~map Population:

 edges count 4950
Population:

 edges count 4950
Population:

 edges count 4950
Population:

 edges count 4950
 ProcessorsNumber = 4
Before Proces with rank 3 send pop size100 and indSize = 100elements send 10000
Proces with rank 3 recieved pop size 100 and indSize = 100
Population3:
 ProcessorsNumber = 4
Before Proces with rank 1 send pop size100 and indSize = 100elements send 10000
Proces with rank 1 recieved pop size 100 and indSize = 100
Population1:
 ProcessorsNumber = 4
Before Proces with rank 2 send pop size100 and indSize = 100elements send 10000
Proces with rank 2 recieved pop size 100 and indSize = 100
Population2:
 ProcessorsNumber = 4
Before Proces with rank 0 send pop size100 and indSize = 100elements send 10000
Proces with rank 0 recieved pop size 100 and indSize = 100
Population0:
Najlepsze

68, 24, 27, 44, 36, 74, 88, 46, 63, 92, 75, 12, 34, 29, 70, 83, 87, 23, 89, 50, 94, 99, 60, 72, 64, 98, 7, 9, 97, 20, 51, 2, 8, 69, 22, 66, 82, 35, 30, 57, 39, 93, 77, 43, 90, 1, 16, 41, 78, 54, 96, 5, 19, 15, 61, 58, 42, 45, 0, 71, 65, 21, 26, 86, 18, 17, 56, 76, 84, 10, 49, 3, 40, 25, 73, 31, 14, 37, 95, 47, 4, 52, 32, 91, 48, 33, 28, 13, 53, 6, 79, 38, 80, 62, 85, 11, 67, 55, 59, 81, 
72, 68, 48, 16, 89, 81, 53, 13, 47, 22, 6, 5, 74, 36, 62, 98, 21, 54, 79, 26, 20, 88, 24, 44, 82, 23, 38, 46, 28, 17, 55, 57, 35, 56, 90, 45, 2, 94, 65, 61, 80, 49, 97, 86, 59, 99, 27, 32, 78, 33, 14, 77, 12, 66, 96, 91, 69, 64, 18, 0, 87, 4, 63, 52, 7, 43, 37, 58, 11, 1, 9, 42, 15, 51, 39, 76, 10, 60, 50, 40, 75, 29, 83, 73, 70, 85, 95, 34, 84, 92, 30, 67, 31, 8, 93, 25, 3, 41, 71, 19, 
58, 77, 55, 49, 43, 85, 12, 79, 6, 57, 60, 10, 46, 63, 93, 18, 82, 54, 1, 0, 8, 86, 40, 51, 84, 48, 65, 31, 73, 25, 26, 80, 22, 5, 52, 56, 16, 59, 44, 47, 3, 62, 35, 33, 42, 50, 29, 90, 34, 17, 98, 53, 69, 92, 28, 87, 75, 20, 83, 71, 2, 24, 78, 45, 68, 91, 41, 81, 67, 37, 19, 74, 4, 7, 13, 9, 99, 94, 97, 36, 23, 21, 11, 66, 30, 32, 95, 89, 27, 38, 72, 96, 76, 88, 15, 64, 14, 39, 61, 70, 
18, 58, 45, 95, 67, 62, 86, 59, 56, 75, 7, 55, 73, 42, 94, 60, 93, 63, 99, 50, 54, 27, 29, 89, 97, 38, 20, 26, 12, 98, 84, 24, 13, 37, 4, 33, 35, 36, 1, 15, 31, 39, 28, 5, 53, 57, 96, 64, 79, 90, 32, 10, 77, 85, 25, 68, 82, 34, 61, 21, 43, 17, 74, 49, 51, 47, 2, 91, 81, 3, 88, 66, 30, 9, 80, 78, 76, 71, 11, 6, 70, 22, 46, 69, 40, 19, 16, 87, 72, 44, 65, 14, 48, 52, 41, 0, 8, 23, 92, 83, 
 Najlepszy osobnik po scaleniu: 68->24->27->44->36->74->88->46->63->92->75->12->34->29->70->83->87->23->89->50->94->99->60->72->64->98->7->9->97->20->51->2->8->69->22->66->82->35->30->57->39->93->77->43->90->1->16->41->78->54->96->5->19->15->61->58->42->45->0->71->65->21->26->86->18->17->56->76->84->10->49->3->40->25->73->31->14->37->95->47->4->52->32->91->48->33->28->13->53->6->79->38->80->62->85->11->67->55->59->81

Dlugosc najlepszej sciezki: 4326

whole loop time 5020690
 ~map  ~map  ~map  ~map  ~map  ~map  ~map  ~map  ~map Population:

 edges count 4950
Population:

 edges count 4950
Population:

 edges count 4950
Population:

 edges count 4950
 ProcessorsNumber = 4
Before Proces with rank 0 send pop size100 and indSize = 100elements send 10000
Proces with rank 0 recieved pop size 100 and indSize = 100
Population0:
 ProcessorsNumber = 4
Before Proces with rank 3 send pop size100 and indSize = 100elements send 10000
Proces with rank 3 recieved pop size 100 and indSize = 100
Population3:
 ProcessorsNumber = 4
Before Proces with rank 1 send pop size100 and indSize = 100elements send 10000
Proces with rank 1 recieved pop size 100 and indSize = 100
Population1:
 ProcessorsNumber = 4
Before Proces with rank 2 send pop size100 and indSize = 100elements send 10000
Proces with rank 2 recieved pop size 100 and indSize = 100
Population2:
Najlepsze

93, 35, 33, 54, 43, 42, 10, 79, 74, 50, 52, 34, 82, 77, 85, 40, 81, 3, 12, 96, 63, 57, 1, 72, 90, 61, 2, 45, 53, 27, 38, 48, 98, 6, 31, 13, 99, 95, 67, 39, 14, 37, 24, 59, 0, 64, 19, 36, 44, 20, 41, 28, 78, 21, 70, 58, 47, 30, 75, 60, 49, 71, 55, 5, 80, 18, 66, 32, 65, 92, 89, 51, 91, 97, 25, 94, 56, 68, 22, 84, 46, 9, 87, 26, 23, 29, 11, 88, 76, 4, 7, 8, 73, 83, 15, 16, 17, 62, 86, 69, 
9, 5, 46, 98, 31, 89, 13, 49, 22, 96, 57, 4, 53, 26, 61, 95, 25, 83, 80, 42, 18, 70, 71, 55, 75, 1, 3, 23, 0, 48, 45, 20, 51, 87, 63, 92, 32, 90, 33, 50, 77, 62, 65, 94, 82, 93, 40, 38, 79, 76, 88, 8, 99, 43, 86, 52, 2, 73, 29, 78, 11, 7, 85, 44, 91, 84, 24, 34, 10, 60, 39, 68, 59, 47, 64, 56, 97, 72, 17, 28, 54, 14, 69, 66, 19, 58, 15, 6, 37, 36, 12, 74, 35, 27, 67, 30, 21, 81, 41, 16, 
69, 13, 11, 95, 82, 83, 33, 38, 78, 97, 23, 84, 66, 17, 47, 39, 5, 61, 29, 42, 67, 58, 88, 41, 87, 92, 80, 44, 91, 2, 45, 89, 36, 9, 21, 90, 63, 10, 0, 32, 56, 15, 46, 55, 76, 65, 68, 24, 31, 79, 30, 51, 72, 81, 49, 62, 14, 48, 26, 71, 28, 52, 86, 16, 37, 12, 54, 40, 35, 99, 7, 93, 85, 1, 64, 4, 73, 19, 18, 96, 27, 34, 20, 74, 59, 22, 8, 53, 6, 50, 43, 70, 75, 98, 77, 60, 3, 25, 94, 57, 
55, 24, 67, 82, 81, 61, 57, 7, 95, 45, 38, 62, 58, 56, 86, 52, 51, 34, 27, 21, 14, 98, 33, 97, 50, 73, 88, 15, 77, 43, 28, 85, 60, 74, 49, 66, 79, 80, 12, 23, 36, 13, 19, 22, 83, 25, 32, 9, 76, 29, 8, 87, 64, 93, 16, 5, 41, 3, 94, 89, 46, 48, 35, 11, 10, 37, 20, 65, 72, 0, 70, 44, 71, 53, 6, 92, 96, 78, 26, 91, 90, 69, 31, 17, 47, 42, 84, 75, 54, 30, 99, 39, 68, 1, 2, 40, 4, 18, 63, 59, 
 Najlepszy osobnik po scaleniu: 93->35->33->54->43->42->10->79->74->50->52->34->82->77->85->40->81->3->12->96->63->57->1->72->90->61->2->45->53->27->38->48->98->6->31->13->99->95->67->39->14->37->24->59->0->64->19->36->44->20->41->28->78->21->70->58->47->30->75->60->49->71->55->5->80->18->66->32->65->92->89->51->91->97->25->94->56->68->22->84->46->9->87->26->23->29->11->88->76->4->7->8->73->83->15->16->17->62->86->69

Dlugosc najlepszej sciezki: 4223

whole loop time 5054555
 ~map  ~map  ~map  ~map  ~map  ~map  ~map  ~map  ~map Population:

Population:

 edges count 4950
 edges count 4950
Population:

 edges count 4950
Population:

 edges count 4950
 ProcessorsNumber = 4
Before Proces with rank 0 send pop size100 and indSize = 100elements send 10000
Proces with rank 0 recieved pop size 100 and indSize = 100
Population0:
 ProcessorsNumber = 4
Before Proces with rank 3 send pop size100 and indSize = 100elements send 10000
Proces with rank 3 recieved pop size 100 and indSize = 100
Population3:
 ProcessorsNumber = 4
Before Proces with rank 1 send pop size100 and indSize = 100elements send 10000
Proces with rank 1 recieved pop size 100 and indSize = 100
Population1:
 ProcessorsNumber = 4
Before Proces with rank 2 send pop size100 and indSize = 100elements send 10000
Proces with rank 2 recieved pop size 100 and indSize = 100
Population2:
Najlepsze

34, 80, 54, 10, 64, 4, 9, 98, 16, 46, 87, 45, 56, 55, 81, 94, 26, 33, 41, 83, 18, 39, 15, 20, 93, 12, 51, 37, 35, 90, 29, 82, 44, 1, 85, 40, 76, 97, 86, 88, 24, 32, 49, 7, 77, 14, 23, 61, 42, 60, 92, 96, 73, 52, 67, 36, 38, 59, 8, 30, 95, 6, 3, 2, 17, 28, 50, 47, 11, 79, 68, 91, 99, 57, 13, 19, 0, 48, 74, 89, 65, 62, 66, 25, 5, 31, 63, 58, 84, 72, 43, 27, 53, 75, 71, 21, 70, 78, 22, 69, 
14, 39, 52, 11, 3, 97, 38, 19, 76, 47, 57, 86, 21, 94, 66, 20, 96, 30, 27, 56, 44, 50, 41, 72, 43, 74, 6, 16, 68, 49, 95, 54, 8, 42, 7, 55, 5, 22, 63, 78, 1, 98, 31, 40, 0, 34, 79, 25, 91, 13, 81, 89, 75, 45, 26, 12, 88, 46, 18, 48, 58, 65, 32, 10, 71, 82, 33, 99, 85, 84, 59, 87, 92, 4, 64, 67, 29, 28, 24, 53, 62, 93, 60, 70, 77, 61, 90, 9, 23, 35, 69, 80, 2, 17, 73, 37, 83, 36, 15, 51, 
28, 43, 77, 70, 51, 54, 53, 67, 5, 14, 9, 66, 58, 95, 72, 45, 25, 3, 1, 6, 84, 13, 64, 87, 82, 19, 12, 21, 99, 83, 41, 55, 35, 85, 29, 36, 11, 71, 62, 44, 96, 52, 93, 22, 42, 48, 47, 92, 24, 73, 89, 31, 57, 16, 8, 7, 98, 86, 80, 26, 10, 63, 30, 49, 68, 33, 15, 78, 17, 79, 40, 56, 0, 39, 88, 81, 4, 61, 2, 32, 60, 91, 94, 38, 23, 18, 90, 46, 74, 76, 65, 37, 27, 69, 50, 20, 97, 59, 75, 34, 
7, 78, 2, 11, 67, 24, 93, 46, 10, 56, 0, 17, 94, 44, 79, 6, 47, 40, 95, 53, 68, 70, 15, 18, 64, 62, 73, 27, 91, 39, 4, 96, 31, 69, 80, 77, 83, 45, 20, 51, 72, 3, 32, 57, 48, 9, 74, 86, 16, 35, 52, 37, 50, 19, 81, 97, 59, 29, 89, 88, 28, 12, 30, 92, 84, 8, 22, 41, 63, 76, 26, 75, 66, 61, 82, 38, 36, 58, 34, 23, 65, 85, 5, 60, 87, 42, 13, 90, 33, 21, 49, 1, 43, 14, 71, 98, 25, 55, 99, 54, 
 Najlepszy osobnik po scaleniu: 34->80->54->10->64->4->9->98->16->46->87->45->56->55->81->94->26->33->41->83->18->39->15->20->93->12->51->37->35->90->29->82->44->1->85->40->76->97->86->88->24->32->49->7->77->14->23->61->42->60->92->96->73->52->67->36->38->59->8->30->95->6->3->2->17->28->50->47->11->79->68->91->99->57->13->19->0->48->74->89->65->62->66->25->5->31->63->58->84->72->43->27->53->75->71->21->70->78->22->69

Dlugosc najlepszej sciezki: 4634

whole loop time 5617520
 ~map  ~map  ~map  ~map  ~map  ~map  ~map  ~map  ~map Population:

 edges count 4950
Population:

 edges count 4950
Population:

 edges count 4950
Population:

 edges count 4950
 ProcessorsNumber = 4
Before Proces with rank 0 send pop size100 and indSize = 100elements send 10000
 ProcessorsNumber = 4
Before Proces with rank 3 send pop size100 and indSize = 100elements send 10000
Proces with rank 3 recieved pop size 100 and indSize = 100
Population3:
 ProcessorsNumber = 4
Before Proces with rank 1 send pop size100 and indSize = 100elements send 10000
Proces with rank 1 recieved pop size 100 and indSize = 100
Population1:
Proces with rank 0 recieved pop size 100 and indSize = 100
Population0:
 ProcessorsNumber = 4
Before Proces with rank 2 send pop size100 and indSize = 100elements send 10000
Proces with rank 2 recieved pop size 100 and indSize = 100
Population2:
Najlepsze

57, 83, 32, 39, 34, 10, 5, 65, 99, 75, 56, 23, 63, 7, 82, 73, 86, 14, 67, 42, 38, 78, 1, 29, 19, 59, 92, 36, 30, 20, 25, 51, 89, 18, 97, 49, 58, 77, 66, 85, 46, 81, 3, 8, 53, 45, 43, 41, 13, 0, 24, 71, 74, 27, 70, 17, 52, 68, 12, 55, 79, 26, 16, 44, 4, 33, 88, 95, 6, 47, 50, 90, 2, 60, 76, 94, 69, 72, 37, 62, 98, 54, 64, 61, 96, 31, 91, 35, 21, 22, 40, 87, 11, 93, 9, 15, 48, 28, 80, 84, 
20, 66, 86, 8, 91, 10, 71, 55, 68, 34, 99, 51, 23, 5, 43, 7, 96, 60, 78, 54, 74, 26, 79, 16, 21, 27, 29, 30, 67, 62, 38, 49, 31, 64, 58, 18, 15, 81, 19, 92, 46, 0, 53, 59, 9, 22, 35, 40, 41, 4, 12, 77, 44, 61, 87, 45, 89, 33, 82, 75, 76, 94, 65, 17, 6, 70, 11, 25, 98, 24, 50, 63, 95, 48, 90, 57, 84, 69, 88, 52, 37, 97, 47, 36, 85, 2, 28, 83, 56, 3, 80, 14, 93, 13, 39, 1, 73, 32, 72, 42, 
77, 22, 32, 25, 26, 29, 31, 42, 84, 88, 45, 89, 66, 33, 2, 99, 8, 35, 48, 69, 39, 62, 10, 64, 98, 40, 49, 16, 51, 37, 13, 78, 67, 38, 6, 97, 72, 57, 87, 41, 36, 28, 93, 90, 20, 4, 61, 43, 7, 52, 12, 24, 30, 55, 63, 9, 50, 15, 92, 76, 75, 21, 91, 11, 56, 59, 96, 86, 5, 73, 34, 85, 27, 58, 3, 74, 65, 0, 44, 23, 60, 80, 18, 68, 17, 53, 19, 81, 14, 47, 83, 1, 71, 95, 54, 70, 94, 82, 46, 79, 
72, 82, 34, 87, 91, 15, 14, 69, 49, 32, 96, 29, 9, 46, 39, 95, 40, 77, 17, 10, 16, 37, 55, 79, 85, 30, 12, 3, 98, 97, 57, 80, 5, 61, 1, 78, 93, 19, 67, 35, 25, 94, 8, 42, 51, 60, 66, 75, 54, 84, 53, 90, 7, 76, 23, 62, 22, 18, 26, 6, 47, 36, 48, 27, 64, 2, 65, 50, 43, 38, 13, 0, 73, 52, 81, 4, 59, 21, 56, 31, 45, 71, 68, 86, 89, 24, 58, 63, 83, 70, 99, 28, 33, 20, 44, 41, 92, 74, 11, 88, 
 Najlepszy osobnik po scaleniu: 57->83->32->39->34->10->5->65->99->75->56->23->63->7->82->73->86->14->67->42->38->78->1->29->19->59->92->36->30->20->25->51->89->18->97->49->58->77->66->85->46->81->3->8->53->45->43->41->13->0->24->71->74->27->70->17->52->68->12->55->79->26->16->44->4->33->88->95->6->47->50->90->2->60->76->94->69->72->37->62->98->54->64->61->96->31->91->35->21->22->40->87->11->93->9->15->48->28->80->84

Dlugosc najlepszej sciezki: 4446

whole loop time 4833408
 ~map  ~map  ~map  ~map  ~map  ~map  ~map  ~map  ~map 